-1718.59 -1718.59 5597.22
-1670.29 -1670.29 17008.6
-1652.98 -1652.98 16700.9
-1652.17 -1652.17 44264.7
-1648.2 -1648.2 16604.6
-1647.32 -1647.32 16589.7
-1674.97 -1674.97 16567.2
-1659.56 -1659.56 17272.7
-1659.25 -1659.25 13691.6
-1709.14 -1709.14 2959.59
-1697 -1697 2799.42
-1693.96 -1693.96 2765.61
-1692.68 -1692.68 2747.3
-1691.39 -1691.39 2742.89
-1690.56 -1690.56 22579.2
-1687.85 -1687.85 2697.18
-1687.85 -1687.85 2697.18
-1714.57 -1714.57 9637.76
-1714.57 -1714.57 9637.76
-1713 -1713 4797.31
-1710.14 -1710.14 9449.28
-1710.14 -1710.14 9449.28
-1709.9 -1709.9 9449.1
-1709.9 -1709.9 9449.1
-1709.43 -1709.43 9418.64
-1709.43 -1709.43 9418.64
-1707.97 -1707.97 9417.55
-1707.97 -1707.97 9417.55
-1707.97 -1707.97 9417.55
-1731.43 -1731.43 6125.36
-1732.16 -1732.16 8936.15
-1731.43 -1731.43 6125.36
-1741.54 -1741.54 18074.3
-1736.07 -1736.07 4792.42
-1733.4 -1733.4 3665.94
-1731.43 -1731.43 6125.36
-1738.45 -1738.45 3248.13
-1737.31 -1737.31 6931.57
-1747.54 -1747.54 3190.86
-1746.25 -1746.25 3217.24
-1745.87 -1745.87 3216.95
-1765.22 -1765.22 1538.95
-1747.79 -1747.79 15652.5
-1745.87 -1745.87 3216.95
-1745.87 -1745.87 3216.95
-1745.87 -1745.87 3216.95
-1745.87 -1745.87 3216.95
-1745.87 -1745.87 3216.95
-1745.84 -1745.84 3216.93
-1745.84 -1745.84 3216.93
-1749.5 -1749.5 3662.09
-1745.84 -1745.84 3216.93
-1745.84 -1745.84 3216.93
-1745.84 -1745.84 3216.93
-1744.58 -1744.58 15601.6
-1742.61 -1742.61 3112.35
-1742.61 -1742.61 3112.35
-1742.61 -1742.61 3112.35
-1742.26 -1742.26 3112.09
-1742.26 -1742.26 3112.09
-1754.43 -1754.43 4991.39
-1750.48 -1750.48 3336.24
-1752.26 -1752.26 3814.81
-1750.48 -1750.48 3336.24
-1749.94 -1749.94 4599.49
-1748.31 -1748.31 3103.7
-1747.97 -1747.97 2915.44
-1747.43 -1747.43 3088.53
-1747.43 -1747.43 3088.53
-1750.59 -1750.59 6879.69
-1748.2 -1748.2 4777.44
-1746.43 -1746.43 11442.4
-1749.52 -1749.52 2980.21
-1751.09 -1751.09 7557.14
-1752.99 -1752.99 10910.7
-1758.28 -1758.28 6836.89
-1758.1 -1758.1 4627.81
-1756.37 -1756.37 5087.47
-1759.71 -1759.71 5855
-1759.71 -1759.71 5855
-1758.79 -1758.79 5857.16
-1758.73 -1758.73 5860.06
-1764.83 -1764.83 2256.76
-1764.32 -1764.32 2285.54
-1764.25 -1764.25 2238.39
-1762.79 -1762.79 2232.24
-1762.77 -1762.77 2233.8
-1762.67 -1762.67 2209.77
-1768.89 -1768.89 2185.65
-1767.63 -1767.63 2203.98
-1765.92 -1765.92 2186.8
-1765.92 -1765.92 2195.18
-1769.4 -1769.4 4256.75
-1768.81 -1768.81 4290.14
-1768.72 -1768.72 4306.08
-1783.78 -1783.78 1758.09
-1781.86 -1781.86 1804.91
-1780.98 -1780.98 1856.79
-1780.98 -1780.98 1856.79
-1780.9 -1780.9 1856.71
-1780.44 -1780.44 1856.3
-1780 -1780 1882.18
-1780 -1780 1882.18
-1787.96 -1787.96 1363.31
-1779.94 -1779.94 1480.65
-1779.24 -1779.24 1343.78
-1779.06 -1779.06 1526.18
-1778.9 -1778.9 2128.56
-1778.58 -1778.58 1914.8
-1798.59 -1798.59 1371.75
-1794.48 -1794.48 2088.79
-1792.83 -1792.83 2182.32
-1796.28 -1796.28 2516.54
-1796.28 -1796.28 2516.54
-1794.87 -1794.87 2617.58
-1794.39 -1794.39 2613.24
-1793.85 -1793.85 2629.6
-1793.65 -1793.65 2632.84
-1810.21 -1810.21 2488.31
-1798.68 -1798.68 3789.79
-1806.92 -1806.92 1561.43
-1806.79 -1806.79 1561.34
-1812.19 -1812.19 507.937
-1809.36 -1809.36 3845.21
-1809.27 -1809.27 3845.2
-1809.21 -1809.21 3844.89
-1816.81 -1816.81 2998.61
-1810.98 -1810.98 1692.23
-1809.21 -1809.21 3844.89
-1809.21 -1809.21 3844.89
-1820.03 -1820.03 2581.92
-1820.03 -1820.03 2581.92
-1818.11 -1818.11 2604.49
-1818.1 -1818.1 2604.49
-1818.1 -1818.1 2604.49
-1816.95 -1816.95 2602.45
-1816.56 -1816.56 2602.41
-1818.62 -1818.62 1647.28
-1818.39 -1818.39 728.629
-1820.3 -1820.3 1664.07
-1817.15 -1817.15 1677.43
-1821.98 -1821.98 803.94
-1819.07 -1819.07 752.822
-1827.14 -1827.14 1698.89
-1827.14 -1827.14 1698.89
-1827.14 -1827.14 1698.89
-1826.66 -1826.66 1693.59
-1825.01 -1825.01 1708.64
-1825.01 -1825.01 1708.64
-1824.95 -1824.95 1708.63
-1825.92 -1825.92 968.793
-1825.26 -1825.26 978.355
-1825.26 -1825.26 978.355
-1824.95 -1824.95 1708.63
-1825.7 -1825.7 1735.96
-1825.7 -1825.7 1735.96
-1824.95 -1824.95 1708.63
-1824.93 -1824.93 2451.33
-1828.85 -1828.85 1650.58
-1826.77 -1826.77 1649.61
-1825.66 -1825.66 1648.06
-1825.65 -1825.65 1664.22
-1829.6 -1829.6 522.63
-1830.58 -1830.58 727.349
-1831.61 -1831.61 550.231
-1830.58 -1830.58 727.349
-1830.58 -1830.58 727.349
-1830.36 -1830.36 730.709
-1830.33 -1830.33 701.258
-1829.74 -1829.74 528.824
-1829.6 -1829.6 522.63
-1829.59 -1829.59 522.599
-1829.55 -1829.55 548.182
-1829.54 -1829.54 556.341
-1829.54 -1829.54 556.341
-1829.54 -1829.54 556.341
-1831.2 -1831.2 2706.83
-1830.04 -1830.04 1934.61
-1830.01 -1830.01 1063.63
-1829.65 -1829.65 1930.81
-1829.65 -1829.65 1930.81
-1832.68 -1832.68 1908.67
-1831.78 -1831.78 1942.75
-1830.85 -1830.85 2780.89
-1830.6 -1830.6 2730.82
-1830.44 -1830.44 2780.85
-1830.3 -1830.3 2780.83
-1830.3 -1830.3 2780.83
-1830.29 -1830.29 1931.28
-1834.35 -1834.35 1932.64
-1833.97 -1833.97 1932.59
-1837.8 -1837.8 458.662
-1836.33 -1836.33 439.735
-1835.39 -1835.39 907.23
-1835.39 -1835.39 907.23
-1837.04 -1837.04 880.283
-1836.34 -1836.34 874.194
-1836.34 -1836.34 874.194
-1836.34 -1836.34 874.194
-1836.34 -1836.34 874.194
-1836.34 -1836.34 874.194
-1836.34 -1836.34 874.194
-1837.07 -1837.07 1830.14
-1836.34 -1836.34 874.194
-1836.34 -1836.34 874.194
-1836.34 -1836.34 874.194
-1836.34 -1836.34 874.194
-1838.13 -1838.13 708.677
-1837.38 -1837.38 1203.72
-1837.91 -1837.91 1326.88
-1838.7 -1838.7 881.269
-1837.89 -1837.89 1292.32
-1837.47 -1837.47 1357.94
-1837.44 -1837.44 1322.57
-1837.58 -1837.58 2664.77
-1839.66 -1839.66 1761.35
-1839.65 -1839.65 1507.39
-1838.88 -1838.88 2178.4
-1838.75 -1838.75 1786.36
-1838.6 -1838.6 1451.69
-1838.48 -1838.48 1511.13
-1838.43 -1838.43 1008.43
-1838.42 -1838.42 1511.12
-1838.15 -1838.15 2425.99
-1840.65 -1840.65 1012.09
-1840.58 -1840.58 1147.98
-1840.89 -1840.89 759.727
-1840.82 -1840.82 2396.47
-1842.45 -1842.45 744.196
-1841.72 -1841.72 1954.63
-1841.41 -1841.41 2007.98
-1841.01 -1841.01 2048.95
-1841 -1841 2047.2
-1840.8 -1840.8 757.827
-1840.73 -1840.73 2064.21
-1840.73 -1840.73 2064.21
-1840.89 -1840.89 2035.02
-1840.89 -1840.89 2035.02
-1840.89 -1840.89 2035.02
-1840.88 -1840.88 2046.14
-1840.82 -1840.82 2046.09
-1840.79 -1840.79 2059.03
-1841.45 -1841.45 1569.73
-1842.68 -1842.68 1119.34
-1842.68 -1842.68 1119.34
-1842.64 -1842.64 1119.34
-1842.63 -1842.63 1119.26
-1842.62 -1842.62 1123.3
-1842.58 -1842.58 1123.3
-1842.51 -1842.51 1104.68
-1842.4 -1842.4 1603.31
-1843.25 -1843.25 2005.28
-1842.25 -1842.25 1134.74
-1843.26 -1843.26 2036.89
-1842.69 -1842.69 2022.75
-1842.69 -1842.69 2022.75
-1842.45 -1842.45 2024.13
-1842.45 -1842.45 2024.13
-1842.75 -1842.75 2358.05
-1842.74 -1842.74 631.95
-1842.82 -1842.82 2027.81
-1842.71 -1842.71 2025.16
-1843.09 -1843.09 2025.24
-1842.99 -1842.99 2017.7
-1842.79 -1842.79 2012.74
-1842.71 -1842.71 2025.16
-1842.71 -1842.71 2025.16
-1844.05 -1844.05 2029.59
-1843.29 -1843.29 2008.6
-1843.26 -1843.26 1245.91
-1844.24 -1844.24 887.908
-1843.16 -1843.16 2015.72
-1843.14 -1843.14 1525.82
-1843.09 -1843.09 2014.51
-1843.17 -1843.17 1251.31
-1843.09 -1843.09 2014.51
-1843.04 -1843.04 2013.76
-1843.34 -1843.34 2695.68
-1843.02 -1843.02 1251.29
-1843.02 -1843.02 1251.29
-1842.96 -1842.96 1979.85
-1842.91 -1842.91 2141.15
-1842.88 -1842.88 1256.87
-1842.88 -1842.88 1256.87
-1843.26 -1843.26 1109.78
-1843.08 -1843.08 1161.8
-1843.03 -1843.03 1171.68
-1843.02 -1843.02 1107.93
-1843.02 -1843.02 1107.93
-1842.99 -1842.99 1109.33
-1842.97 -1842.97 1107.42
-1842.86 -1842.86 1099.89
-1842.86 -1842.86 1099.89
-1843.65 -1843.65 1108.86
-1843.41 -1843.41 1591.23
-1843.06 -1843.06 1668.52
-1842.97 -1842.97 1620.37
-1842.97 -1842.97 1620.37
-1843.07 -1843.07 2556.61
-1844.1 -1844.1 576.091
-1843.93 -1843.93 894.29
-1843.43 -1843.43 1097.96
-1844.81 -1844.81 2726.45
-1843.95 -1843.95 2703.12
-1843.88 -1843.88 2698.58
-1843.88 -1843.88 2698.58
-1843.88 -1843.88 2698.58
-1844.61 -1844.61 2707.63
-1843.81 -1843.81 2698.11
-1843.8 -1843.8 2698.06
-1843.67 -1843.67 2702.32
-1843.58 -1843.58 2702.32
-1843.58 -1843.58 2702.32
-1843.57 -1843.57 1124.29
-1843.57 -1843.57 1124.29
-1843.57 -1843.57 1124.29
-1844.24 -1844.24 1115.92
-1844.11 -1844.11 1139.29
-1844.38 -1844.38 1102.88
-1844.11 -1844.11 1139.29
-1844.05 -1844.05 659.117
-1843.96 -1843.96 1118.32
-1844.24 -1844.24 622.512
-1844.32 -1844.32 655.486
-1844.72 -1844.72 1109.92
-1844.32 -1844.32 655.486
-1845.07 -1845.07 656.691
-1844.32 -1844.32 655.486
-1844.11 -1844.11 1102.69
-1843.99 -1843.99 623.641
-1843.98 -1843.98 1101.03
-1843.97 -1843.97 1113.2
-1843.93 -1843.93 622.419
-1843.91 -1843.91 1117.07
-1843.9 -1843.9 1119.4
-1844.47 -1844.47 652.066
-1844.42 -1844.42 652.066
-1844.37 -1844.37 653.834
-1844.29 -1844.29 654.969
-1844.29 -1844.29 654.969
-1844.26 -1844.26 655.503
-1844.53 -1844.53 1095.35
-1844.37 -1844.37 669.247
-1844.37 -1844.37 669.247
-1844.7 -1844.7 822.682
-1844.41 -1844.41 671.209
-1844.37 -1844.37 669.247
-1844.45 -1844.45 665.349
-1844.45 -1844.45 665.349
-1844.45 -1844.45 665.349
-1844.45 -1844.45 665.349
-1844.45 -1844.45 665.349
-1845.03 -1845.03 669.067
-1844.97 -1844.97 631.808
-1844.53 -1844.53 631.761
-1844.52 -1844.52 657.225
-1844.49 -1844.49 664.07
-1844.96 -1844.96 645.908
-1844.6 -1844.6 658.018
-1844.79 -1844.79 658.628
-1844.66 -1844.66 646.955
-1844.66 -1844.66 646.955
-1844.61 -1844.61 643.948
-1844.6 -1844.6 671.827
-1844.96 -1844.96 653.588
-1844.9 -1844.9 651.514
-1845.48 -1845.48 665.76
-1844.81 -1844.81 642.57
-1845.39 -1845.39 643.917
-1845.33 -1845.33 678.638
-1845.26 -1845.26 677.418
-1844.97 -1844.97 664.661
-1844.94 -1844.94 663.044
-1845.22 -1845.22 668.556
-1844.92 -1844.92 673.675
-1845.2 -1845.2 250.186
-1845 -1845 642.145
-1845.15 -1845.15 639.318
-1845.02 -1845.02 640.835
-1845.01 -1845.01 648.385
-1845.21 -1845.21 624.184
-1845.17 -1845.17 647.708
-1845.07 -1845.07 665.267
-1845 -1845 629.478
-1844.96 -1844.96 679.57
-1844.92 -1844.92 648.85
-1845.14 -1845.14 615.363
-1844.91 -1844.91 666.095
-1844.88 -1844.88 664.294
-1844.88 -1844.88 678.284
-1844.87 -1844.87 637.319
-1844.87 -1844.87 680.239
-1844.97 -1844.97 637.881
-1844.92 -1844.92 613.571
-1844.91 -1844.91 638.212
-1844.86 -1844.86 636.271
-1844.84 -1844.84 662.558
-1844.82 -1844.82 680.185
-1844.82 -1844.82 637.802
-1844.97 -1844.97 665.951
-1844.82 -1844.82 637.802
-1844.85 -1844.85 672.993
-1844.85 -1844.85 672.993
-1844.88 -1844.88 658.583
-1844.83 -1844.83 682.008
-1844.86 -1844.86 661.613
-1844.83 -1844.83 660.876
-1844.82 -1844.82 635.887
-1844.81 -1844.81 680.203
-1844.81 -1844.81 682.167
-1845.45 -1845.45 644.275
-1845.22 -1845.22 644.82
-1845.19 -1845.19 646.607
-1844.98 -1844.98 663.08
-1844.8 -1844.8 645.522
-1844.78 -1844.78 647.079
-1844.78 -1844.78 636.768
-1844.78 -1844.78 646.596
-1844.8 -1844.8 632.352
-1845.37 -1845.37 681.634
-1845 -1845 604.427
-1845.06 -1845.06 643.986
-1844.89 -1844.89 704.373
-1844.84 -1844.84 677.983
-1844.77 -1844.77 630.613
-1844.86 -1844.86 637.714
-1844.77 -1844.77 636.802
-1845.36 -1845.36 644.256
-1845.09 -1845.09 645.302
-1845.01 -1845.01 642.542
-1844.87 -1844.87 636.563
-1845.25 -1845.25 611.844
-1844.87 -1844.87 636.563
-1844.79 -1844.79 643.127
-1844.77 -1844.77 636.802
-1844.76 -1844.76 631.244
-1844.77 -1844.77 632.329
-1844.76 -1844.76 664.533
-1844.76 -1844.76 668.202
-1844.76 -1844.76 670.131
-1844.75 -1844.75 668.93
-1844.75 -1844.75 629.528
-1844.75 -1844.75 649.807
-1844.82 -1844.82 617.347
-1844.75 -1844.75 635.653
-1844.75 -1844.75 652.999
-1844.97 -1844.97 665.676
-1844.87 -1844.87 638.102
-1844.86 -1844.86 629.652
-1844.86 -1844.86 629.644
-1844.85 -1844.85 641.142
-1845.43 -1845.43 655.566
-1845.05 -1845.05 618.683
-1844.85 -1844.85 641.142
-1844.84 -1844.84 641.141
-1844.8 -1844.8 670.778
-1844.8 -1844.8 670.778
-1844.9 -1844.9 638.979
-1845.13 -1845.13 656.762
-1844.9 -1844.9 638.979
-1844.89 -1844.89 645.284
-1844.81 -1844.81 650.703
-1845.35 -1845.35 619.855
-1845.1 -1845.1 677.078
-1845.06 -1845.06 614.71
-1845.04 -1845.04 663.916
-1845.12 -1845.12 656.151
-1845.33 -1845.33 619.906
-1845.1 -1845.1 621.267
-1845.07 -1845.07 618.313
-1845.04 -1845.04 681.291
-1845.01 -1845.01 649.914
-1845.61 -1845.61 624.21
-1844.94 -1844.94 695.523
-1844.93 -1844.93 695.344
-1844.88 -1844.88 635.753
-1845.31 -1845.31 641.368
-1844.88 -1844.88 635.067
-1844.87 -1844.87 662.479
-1844.84 -1844.84 621.266
-1844.84 -1844.84 621.266
-1844.82 -1844.82 636.481
-1845.04 -1845.04 631.919
-1844.88 -1844.88 662.812
-1845.03 -1845.03 654.954
-1845.17 -1845.17 662.995
-1844.88 -1844.88 662.812
-1844.88 -1844.88 662.812
-1846 -1846 605.47
-1845.42 -1845.42 624.396
-1845.36 -1845.36 624.39
-1845.44 -1845.44 665.113
-1845.35 -1845.35 614.615
-1845.22 -1845.22 616.961
-1845.62 -1845.62 618.102
-1845.21 -1845.21 616.441
-1845.13 -1845.13 656.857
-1845.23 -1845.23 630.387
-1845.03 -1845.03 625.971
-1845.12 -1845.12 637.708
