480809
405791
341844
340053
403302
433482
327096
469323
482709
403594
490292
382415
359028
342689
486625
412896
475860
488890
445933
399419
487344
452371
382998
445913
429660
357814
405494
477144
392416
346688
420660
473859
508521
474587
375659
441108
512977
481400
354743
429092
451395
434764
473127
413213
390243
316680
331880
343437
365417
453584
466774
343446
360166
371995
408060
429923
347854
483096
395520
421109
439578
403842
354703
417233
473099
461226
453873
377342
389905
443268
438097
391762
455883
407114
352577
486186
508642
424895
366037
380803
377208
527963
420430
457613
468764
438695
399987
459621
384201
504816
492145
320945
399879
457252
392901
370648
449532
344618
503620
360348
487456
446992
352287
505559
368903
421969
397825
400503
399480
370177
384004
378205
406902
438361
430346
366005
435361
439643
362553
430096
459806
380096
415247
487318
331910
407342
325063
422792
416371
444286
336825
479500
346622
470032
358724
387518
402453
411409
393113
362804
326235
488352
460529
414658
409550
379975
395570
444708
409150
466684
435461
451343
402357
378301
375641
346277
459775
319198
338060
432446
349166
419685
352108
429071
388183
414101
443473
328670
386482
448351
429979
438642
477770
398438
440004
486931
352162
404614
490069
367337
372105
363026
389757
436336
438664
351886
383917
460881
410784
503207
422648
450370
482370
373472
346361
397724
521198
401391
367094
383321
421741
465749
358102
444086
360190
350216
364388
325656
412976
345951
459740
392147
422183
452451
471314
434679
446643
452253
445225
418694
385550
421662
468049
439348
399937
389564
343406
452331
452322
357951
365743
485137
424822
407240
425613
493448
457200
386330
385589
410289
343294
381965
504575
454166
410158
431637
415025
446622
426800
402554
366817
402845
355244
471010
346029
367175
371825
436651
436447
430474
344311
375944
381121
426461
342287
462151
366737
388572
505045
477933
438232
431904
390313
379160
485231
363653
406831
496032
440458
426947
403545
360970
481120
503249
353116
368291
407625
349572
361942
442220
355676
452923
423955
439696
410122
404089
381302
378539
471379
379258
493037
512389
415694
339963
347980
492625
429490
415867
407283
466125
372584
438071
354592
411166
477715
370021
394167
427942
350674
427674
360603
531222
377952
426015
350293
396466
406796
431247
341460
436753
378206
419818
454191
388120
455774
354102
347775
450063
486360
393908
376698
450431
446706
410724
436629
440843
313658
394312
381143
431617
386754
351224
453563
482247
441303
364089
355082
395112
360525
335034
390858
482232
366360
446894
461631
355229
361060
352134
374415
375047
436586
476753
379543
434019
343509
380504
334580
479078
379069
374185
497627
346890
357505
450002
378226
348650
494620
448622
398209
422634
417941
433072
360414
489957
421177
463733
426208
394119
375147
346235
456460
467700
472980
520740
404346
487865
410607
396233
365325
370865
445705
325740
344322
475416
452928
405014
407555
459991
455003
470471
452920
495323
414323
427720
423195
470846
471216
375241
494563
368718
345330
392853
386575
411469
402671
484088
518770
497824
465800
484324
332672
475009
323320
388908
437196
327484
383454
444336
344681
332683
386166
521940
464344
328460
424834
386943
408111
408731
361389
353419
494486
463498
405333
509838
359518
382019
467846
412628
406602
352613
476550
447274
337158
426457
421789
397609
455382
364328
467986
439496
419654
448571
360668
504296
502823
364175
370838
434233
363019
499464
388004
382080
425992
374703
338822
474363
361907
344677
452497
381820
402477
366706
433907
476999
368367
433864
382499
350461
416822
462968
432886
428192
463624
432275
386125
379483
400528
400790
357572
500869
413082
371554
415052
388715
392739
468901
346286
362475
375374
370652
397967
482438
310138
348675
426680
501125
499717
429402
354407
459601
481909
406406
447784
440884
416725
449628
354166
429174
384626
447079
450170
482687
414195
472549
478042
371663
382882
486203
500247
429098
455259
357371
383173
333562
385295
466106
484066
368666
428171
429866
418622
436705
407008
429375
452519
367073
441603
437069
454420
358212
358514
416765
372737
466433
354889
456907
334454
401500
327480
430665
313326
327373
374500
486039
468141
459917
349342
427711
497879
414611
402315
402615
435629
381016
354344
362649
353323
401590
445290
352620
492971
356670
357598
345801
379541
442323
477720
432832
432607
431270
438865
433856
409597
350177
388679
372107
326525
369926
469282
464213
397530
406965
398310
352592
459871
386045
512054
462346
393566
394021
380454
372863
385393
387913
359278
455538
475185
476473
362204
379423
424005
457257
358347
429089
455544
420276
443617
337358
407402
465565
347953
370929
361117
372330
418873
469367
400579
338979
390368
473547
429373
461185
461267
467315
335408
454777
377320
345762
415559
354044
426032
429963
367452
362295
430442
455133
372434
366720
352364
399949
396679
473125
416723
457941
353087
464371
356709
424067
447995
520901
395582
371143
428535
341836
330093
356019
466002
353453
420787
522415
436434
394348
326679
348730
438870
407650
381646
375913
475010
393939
389092
433063
449922
422659
401933
426273
348351
415121
429142
432296
387295
474439
324812
371041
424089
386282
524479
391151
352584
394315
429320
387338
348705
353163
363654
443607
345730
433172
389490
450635
368765
400048
505548
452907
424261
498256
492953
442326
413395
351989
412231
334662
440021
425457
367548
351755
423351
339574
462476
362985
389010
380453
456914
430385
430482
353942
495453
494393
448695
419883
487767
364752
391897
410721
463329
321359
430713
400721
373250
435781
392585
442069
384320
369572
378598
432166
373268
425002
387249
481356
480391
419453
431076
356260
432028
345934
342320
415086
497567
356382
412839
485242
422752
377388
482565
473958
472142
359815
393991
377682
356678
357625
515274
438114
427306
418940
356229
358245
438529
488290
493124
380343
426625
399773
365308
433836
402267
353762
408505
431313
458404
399520
469570
398070
452476
385227
481713
339747
489705
320406
458008
419770
353708
418525
454985
455811
398888
434262
430239
438931
382333
376504
454271
417686
468587
411760
361405
386722
492805
369589
381940
400910
452302
436709
490861
396507
467949
331231
404929
372912
341865
401323
405799
500986
510109
397701
387543
409163
469355
382377
434146
417468
352421
340492
408005
372202
405160
431332
421582
394455
421806
357828
414187
400401
425295
408186
345627
367884
470771
355604
451659
348355
414481
427664
352255
416344
434251
501318
454709
424883
387513
457250
422462
430094
389539
371942
426431
366581
345533
423234
461715
461314
356415
468338
425406
481266
458506
472612
393373
348813
454191
442014
376852
463316
418257
459178
490318
481260
326755
401004
376632
428968
447174
460331
486358
438351
373380
436777
394536
394463
466984
506371
453340
352116
349389
455245
334351
418589
417012
470796
401159
493119
518438
362573
391833
349313
370778
476662
469266
443466
377704
467872
370701
436475
376534
435968
399250
416623
355371
412895
396637
427400
426367
379291
360133
433884
396619
420745
354807
395589
472070
393640
403059
471520
318952
392437
421957
488498
329969
490300
366394
336446
419378
407546
487064
349424
391403
469375
471790
430194
383907
415949
355177
417056
336808
462914
382181
336332
468806
445396
391269
438547
433737
365898
385549
446486
418467
333791
429612
403205
383364
477845
414310
373762
392875
335624
429031
366959
399948
407496
371454
402375
429381
390539
468165
450896
411989
435299
339679
454345
393155
467686
426912
453334
385004
345148
436224
483541
388609
446033
400590
472300
466016
371433
381481
414030
473348
432682
378748
396419
370203
433692
473235
413405
346135
474418
342758
426458
470638
483498
432672
346927
352346
404316
379285
394518
426734
448444
428553
356953
401891
453396
363229
442349
436562
454472
398891
374364
463824
395088
526267
392225
435616
393230
405425
325818
367007
462808
395915
423723
385835
361535
361224
361069
367720
441512
416745
366613
391592
371876
318442
463382
359474
404748
365908
455593
391668
347267
426578
415749
354430
352320
478434
369083
387621
431489
367140
510494
315261
441753
426323
389067
440580
358002
425653
372228
418933
341498
332172
449768
410538
359295
381179
469702
391291
500198
473531
363219
389296
495726
343866
394691
435853
338851
522209
357505
445138
476430
358196
413105
417809
498889
510000
424590
343586
514698
393699
490057
423588
411085
399997
436637
486759
414576
375998
408243
507130
486425
442144
434133
435273
368428
451295
374093
480097
430319
391936
409004
360064
377173
362506
447518
428012
472752
388103
437271
470112
407301
442485
332088
421957
351946
488805
513380
474733
451743
494207
356110
488034
459462
478470
456470
406106
392312
440106
466292
333138
439510
465368
490941
472078
333113
462227
330286
419129
442688
474952
408609
375967
466783
496897
388501
466040
370971
334183
440658
320848
406350
371396
391551
336816
361989
358810
414712
326948
327221
508563
435003
467519
320414
472797
495263
404794
444648
384266
424021
415626
383086
392047
425221
371680
441983
349267
380876
355409
392486
369931
463055
477217
443419
408754
402484
397519
404730
440882
357470
474363
390538
379110
396916
416952
500445
457912
393138
437526
413291
363100
467547
439623
325626
388294
385871
411920
369595
344826
461751
409804
412678
313982
345965
503551
451505
472101
465434
358315
370824
434745
416810
487933
446044
395701
435434
428684
331915
347503
364027
458525
459271
470818
353596
411806
447231
377012
390957
355334
438594
369614
492301
475753
485313
426382
397753
368323
358498
389713
450364
366603
417069
404359
397395
445288
398387
448945
450277
462656
384760
355793
463295
457040
423426
313391
409306
393224
360939
352315
418368
503951
333550
492878
481708
467074
500154
430092
389649
481976
418458
345462
482068
358117
394028
373917
349440
392363
417568
460949
350294
399042
435026
354782
358464
353987
408229
371515
438211
411124
374515
378619
420023
341605
394403
386828
335105
392140
345881
376550
384199
469031
441421
429898
392418
410609
374102
460957
451004
348405
349282
419580
361033
393640
375484
423855
365419
399038
495053
381079
364269
407275
412496
467726
361409
375129
368530
441771
407036
415610
346724
360536
455899
412989
471611
435923
441859
387494
420752
480602
384922
351510
416863
469941
483004
347629
426257
398480
402526
365037
445192
381005
362483
448480
416982
423962
361147
417529
459640
322749
416083
394333
404775
384412
348667
346652
438274
328193
404707
492634
471661
507568
436139
430113
418045
339884
385870
352143
447795
452971
425029
369201
370879
367918
331539
423716
360851
363771
442752
425164
403280
488581
410354
455245
419100
392550
488790
375406
473412
418355
409614
386403
442331
358791
442787
452823
425746
362926
428874
465058
391411
506674
354628
460781
418855
439304
425006
506421
460836
422807
444197
465382
333044
328095
343155
434687
454161
507833
419419
457874
329890
416098
463180
448459
427668
494328
451187
390992
375580
328166
463796
341947
463607
487065
422559
376799
343572
348038
425394
373116
411140
436399
362383
330843
416823
360417
402827
418772
421634
469066
414510
452745
346442
387678
365587
382168
327918
421567
402659
406937
420125
340894
432469
435059
351816
469725
452262
406557
473738
354551
505452
389608
361228
405124
418608
413838
379768
371625
382973
454181
383045
413073
410406
447948
441471
434155
448886
413428
367590
429238
369926
480423
451583
457970
400017
485590
368464
456409
399359
428326
324720
419419
465465
377503
377911
363810
450568
364894
392123
394635
440209
409344
414700
409185
451488
321040
425682
397306
357639
353725
514219
511476
348192
404004
420125
378872
388816
364438
411797
393347
329334
449541
341301
354566
455842
362708
430015
355186
437927
426044
355182
429083
345246
400092
358802
448917
397706
473761
361298
523547
421505
346925
467337
361750
370805
322609
360068
423642
319698
408802
449458
464537
353312
359518
409831
347644
363898
337332
419123
451155
478979
336785
409166
394934
365833
408055
435841
362797
419237
361472
399787
330694
392523
374784
412181
486846
452843
388217
369998
463682
408037
343698
387423
426874
455614
443479
438317
424288
343115
413774
456737
497523
352724
374495
352702
398123
373926
352985
472628
434200
386132
426442
447240
461458
398645
438930
382644
408486
356612
320561
457949
441300
359099
388185
402489
475693
482026
341966
437721
419358
367100
370438
449812
385589
446300
383696
372467
358838
354824
478257
414965
385489
417827
349961
342347
437400
409981
374204
339108
371052
379203
386842
448274
424910
361288
394988
449584
425866
452881
474669
480762
486593
356583
481575
413685
440581
428539
380695
441495
352613
443679
381007
373808
440811
489913
408188
476390
395820
433633
450707
494451
461641
420008
374464
368789
326924
457166
470334
377374
398649
441712
361235
402770
436957
446266
467070
381706
460595
328268
448668
472069
388007
421657
361125
353060
353939
377334
406007
449763
423164
488731
502728
314756
402183
407162
390780
418289
356498
356012
321346
369473
333099
471585
339213
370364
457604
443913
429640
359067
477995
393965
389469
436699
476288
460242
468065
377474
398550
407227
422129
475108
463208
339114
450263
335235
436470
373687
390361
464942
442591
337213
357980
461855
452598
356541
369778
411203
356751
425491
444367
388927
407974
345735
317995
349499
403475
455481
437198
355124
431521
422345
398296
366829
488757
396625
415680
396158
357104
468908
374608
408881
500429
384777
480918
399078
450076
383065
501245
432119
360996
418247
347755
485037
441519
405666
471881
487130
454133
367950
455950
460806
366966
345918
433941
509900
403091
457802
367578
408525
475375
421277
368487
357312
337359
393902
487349
391028
407334
493642
437658
502245
418849
409018
422615
341752
458674
345940
364879
383221
441911
446548
342806
421766
370774
311307
439144
387796
398628
408526
480917
395626
329317
368005
462046
356726
447269
385980
366431
387997
380420
441290
371414
486568
322040
443537
485982
394970
449338
387803
509869
440770
480702
397009
444394
447113
451925
432776
423161
482073
473612
463465
443142
435751
462682
369670
353079
468467
419282
391039
354664
424937
345806
391550
481989
441763
387659
364115
485847
436233
352535
339549
496874
467137
314013
364459
423980
350891
459409
472030
384915
452378
411828
437552
438570
375012
425457
379752
343452
430125
421929
501495
344379
337707
457622
344877
464283
477686
404997
447936
431188
407057
447901
489209
476379
422377
445720
447427
385699
434744
454868
356974
477831
462595
385922
361427
467152
445480
385642
387673
372636
420307
331957
414205
358867
357001
497110
472513
395047
463902
391883
408773
359130
357251
435124
476340
445973
378863
450348
364693
440677
369657
385917
429220
389227
326432
318411
396558
414113
443690
427243
472014
440081
408808
432201
482530
420294
339932
373274
445294
438775
415451
419772
417582
419484
460813
387283
380802
397887
527282
502715
364086
412792
430301
345006
397516
326204
437980
473531
401817
371191
435379
343002
378972
487904
460441
414419
409578
376190
368773
489739
350919
501405
512451
478308
370262
415073
422304
399370
458314
443434
410697
398924
417264
317673
411336
426515
445528
433544
355575
450934
476099
350501
351528
369026
394025
403931
427576
318825
416553
443789
317901
360784
507621
500890
404649
349490
425408
452538
338529
441658
394323
496317
354276
442044
397725
404909
356435
336983
365694
337060
464493
334620
342176
496573
443415
486187
364033
465046
466518
433542
369168
504638
334928
343809
426891
426406
344284
406006
424427
439428
373850
422072
482019
438251
358195
465810
402532
475549
355603
346704
462777
478159
404062
353536
349645
389873
449519
479854
428366
474869
417161
339813
344565
389716
356201
406200
462294
501807
473104
375449
402035
365719
390031
501844
384129
387663
369635
362393
349619
475215
382945
329630
420676
492038
401886
432257
334235
496692
405420
407853
430480
419012
320895
426637
401525
362010
426017
341498
336435
469708
443018
480910
371752
394412
383651
376902
465298
321226
333596
366137
389035
392800
328664
450858
347161
430831
401882
360455
384500
505626
331703
368841
387531
348796
438207
407945
418184
440418
434962
435961
464473
374802
333998
420482
330978
365042
473205
469845
373415
380220
408216
382390
378960
359633
394241
506013
388984
319709
463958
419282
435227
370781
353449
390023
399600
487673
446363
425250
460128
463307
438892
467301
413404
401837
386468
473297
370192
376742
382098
404160
399005
337372
410133
350988
360563
429583
427601
468541
414815
366777
437207
429321
381565
429304
415879
411558
379193
338940
453411
365561
412520
341747
389392
405835
358871
336936
345832
450450
447682
485353
391251
499438
464311
394710
378265
475390
383360
448064
405821
382446
387705
453587
491839
406678
440983
445537
449425
459581
381588
378960
346256
445811
479381
442209
455659
352633
456048
468759
407842
473372
482852
497812
407505
452077
349068
365928
416342
434173
472667
386732
365000
434281
492290
401193
332536
360625
443449
358239
424830
369008
327294
428863
422496
461274
416290
406685
496737
318192
349296
448477
373616
375377
406387
471733
442102
426874
351249
354999
434519
471036
402836
377339
441457
482519
417425
444883
492896
333824
483454
403363
346723
422617
370967
453011
378677
492002
426550
385870
444033
412426
360292
490927
323502
379014
444435
322736
426874
356648
404999
391896
356736
426767
353742
439970
412480
354853
342834
468959
375348
464735
372535
379055
370513
426265
413210
504202
331889
468691
421673
442937
427582
484197
471913
346715
486197
355204
426643
483217
441197
469778
348378
379105
411188
360211
429925
367094
463474
386033
431141
416011
396728
460531
471039
439500
363588
379625
338201
479539
457775
491992
434576
348785
394526
429394
449364
335624
369371
354358
406945
350566
325697
401162
489378
363290
400190
338200
327246
385724
357952
378421
386012
327904
486509
504970
438166
504659
431329
449525
345178
405981
476043
452014
363391
489575
447103
452425
417522
448010
484567
416968
424353
354141
447494
425119
347081
336359
515223
471813
459251
416041
417312
411072
420619
428049
453785
353501
489495
344679
425964
352670
493249
478667
373608
456364
342577
390898
327213
356704
390891
310706
344062
426697
470720
470695
297178
443812
353900
423582
490697
394171
394867
456043
373986
483772
461959
447343
480547
476518
385637
424194
425213
475681
411313
405236
353147
431083
384318
347822
408520
468402
456770
492294
396097
409788
524383
437754
429482
462580
407540
356115
484983
383254
404785
443989
354488
328209
393086
356747
488591
474200
431110
476961
361340
505414
412491
463999
346143
324321
357496
354143
439185
453986
466995
461569
477524
380295
445642
481448
372456
349469
460125
434181
412286
343138
337762
386989
433475
396585
477907
376535
365234
378157
378895
352283
415115
445686
445253
357112
471558
333242
383834
397094
440398
368907
447359
419459
408441
477084
368456
420846
393938
348983
428781
470641
482533
417862
451427
424217
399652
442529
383169
381919
409153
474692
431708
354477
339487
354114
375277
421728
411117
403287
455150
446801
417387
345656
368105
368826
376591
338109
327404
459354
365462
419374
423559
477165
353138
423088
399150
462433
502739
463966
418184
451088
461704
356745
435064
358757
432626
504894
358585
470863
421033
459403
374417
352317
395098
386425
358564
493727
324286
432743
358345
444461
400655
475773
435688
354251
358912
394463
330885
473959
411043
476239
380019
357182
410057
513832
370917
389319
489948
370870
369950
379045
346065
495988
388838
498274
421026
321333
476031
411875
409482
426128
465025
455801
474119
510536
456174
397052
402326
483113
380641
489622
374167
364786
450696
362789
383602
465351
329570
484490
361349
375845
494402
498841
429559
345514
468709
487967
364953
413131
390511
371964
368972
412862
357496
372683
399196
411861
377480
391563
400065
432911
336816
462716
497864
449615
372384
362239
362627
454555
449447
379934
405015
375487
391067
415506
381736
392902
392355
437485
404397
389124
484795
436895
372404
398131
422074
450962
417613
352119
414313
380179
311797
334576
426207
445938
414114
371279
339017
388762
377742
493317
375413
438955
454278
488298
329628
408827
367564
330487
451180
390635
382651
450468
406525
374805
360676
489845
447159
413253
364254
410422
424668
406565
399720
431029
368886
421130
471076
410311
342921
374813
343738
502603
369452
365521
419711
433991
474483
421752
497952
448672
428442
353125
488818
451378
398864
329536
459523
430517
409541
435314
468906
343584
449509
363024
431494
458999
475272
372501
513115
406495
431703
466004
448315
476266
323295
347292
383115
424874
513002
429419
422667
381641
457737
493477
478513
482141
392287
405713
429721
465282
410882
510284
501873
475910
416905
506504
386047
366577
463329
420979
363922
441145
394522
377246
453838
339614
467923
399644
471529
386848
347382
507274
324340
360865
419938
326376
421964
501744
442641
395227
418853
441713
476473
437660
417323
385199
477730
437974
480736
448514
355088
400940
465599
379469
484757
413683
357063
342198
404211
394482
319529
394586
481059
479146
419642
390087
358191
354122
393041
380021
313660
393991
472602
485079
464542
455054
401748
395539
410469
447519
366557
344627
378208
509374
310734
461848
417038
403189
408966
442149
495970
406515
395265
484585
450933
443364
439674
364846
434613
444023
380415
398101
429683
401967
424923
322731
488595
365413
350119
486677
423781
351771
390761
400647
369921
405754
395707
468611
443331
411768
361902
366056
348306
320882
441009
338842
450661
383216
407961
448095
489978
406414
361802
397235
368473
324123
418236
374988
378928
454317
385912
394419
423174
428052
445488
429147
329032
455512
514274
453485
340029
315115
503256
394562
410750
425563
424703
485306
487292
374446
443372
456207
443348
462561
417934
309427
458028
493165
362527
381440
402163
452496
391421
407907
468946
409096
423484
405463
383656
428801
438616
378953
351836
457629
403621
357784
399188
458984
442073
343171
466050
459118
440795
442454
386007
471311
396814
432186
396099
350753
364995
361105
445684
491892
479419
468316
437445
351274
490836
417481
398458
418717
393397
398389
368576
343366
417599
362385
418003
455780
338898
353241
405387
369731
396550
381396
385739
381021
437036
416499
490894
479602
475667
353098
463594
388788
481392
389762
347612
342528
397066
344778
396961
452918
378401
330933
459629
522267
350221
430580
426085
411012
458457
416482
361902
353954
445664
356160
400829
446390
420442
409463
422468
422888
443873
370277
395716
433681
455004
477619
448338
393090
390162
403397
436292
462565
452568
473987
399433
445288
399712
352503
420647
407232
408399
409208
465270
396445
416794
336394
423054
389985
447920
355731
402872
442531
391490
391181
351078
492491
478490
388407
451993
396721
456753
359183
432445
417243
460211
450828
333285
404245
389419
413217
432354
455984
445679
484021
461235
437486
492339
445214
343418
365795
395569
434258
384677
448047
323409
461900
445704
383308
454649
365477
354769
417832
361321
394022
360882
355932
339786
407813
358106
414627
398912
361816
452159
380161
407742
328525
329137
370502
371178
372289
440691
364827
478395
521537
466513
463403
366749
490311
474273
500935
422965
410262
434983
486366
443668
361783
428641
490243
456865
462029
428384
480978
367177
340778
404575
405247
360734
349983
435978
363468
455939
486924
370533
472518
312591
422158
473538
363711
459503
390565
455832
459762
447970
407240
339136
467315
374553
326841
398957
356285
383634
406228
406057
391360
334873
437427
455724
492572
386722
346130
418314
528444
418703
365031
402983
366708
383069
449336
404690
397876
375817
445826
397321
406841
398272
358037
482086
363403
391699
378197
377246
493431
354049
404716
411035
459943
384517
422539
406888
364304
370515
370264
363946
375735
513991
412634
348110
366115
391969
356650
421789
326973
465328
381630
382504
444203
413158
412970
372756
391326
446631
377950
490760
391536
346524
333718
337052
352784
413288
403766
396469
419958
356123
381025
432667
435411
450833
372731
461470
432989
415843
382554
401048
369037
448926
455850
344942
374473
471616
439089
465417
411663
364771
476754
397061
464538
379713
414745
466230
463115
446488
346245
337624
351699
364185
373385
417223
532483
405293
367007
349214
371360
396165
438706
372664
333848
443046
389917
480018
314302
415108
466932
348672
463906
492067
501900
345114
331337
384997
391390
358447
435262
372934
502411
378410
446125
471923
477384
440532
434231
424917
405135
430932
453367
391816
422780
432980
493943
384460
432305
351379
454608
409164
456221
352809
350756
482956
486569
413451
350346
399472
352487
437228
426473
360073
454968
337021
391410
484372
445679
436853
364161
509945
429808
450685
432637
366133
429437
361089
454829
496845
459645
331466
461684
475400
447516
489646
389435
365182
417559
433045
482128
416443
409051
388503
465251
357741
354850
461472
472642
482402
426038
442715
494745
314919
505430
325194
344982
373483
400191
434750
466204
440157
333980
389708
374120
481796
448923
361198
310845
442650
461800
405537
469312
430518
456448
379092
493908
392755
378578
454449
353413
411051
470931
347804
472414
329610
431231
435516
421618
432616
360518
351898
457758
350948
440629
498207
415381
503577
465552
479198
429521
396468
350011
477900
401944
371719
333383
388928
402510
358381
348795
380857
428731
324190
435824
379545
456490
340924
405449
428429
439762
491224
369471
368694
358328
378568
448974
462272
432091
342012
449920
464377
359483
492889
408250
439809
464270
458416
366187
476499
339457
431445
418299
352739
343402
336458
465990
404404
514650
463624
422297
511722
323127
424311
361197
365407
495718
444529
372581
479505
349231
370014
455382
401856
361339
396848
377541
448926
367281
474062
480291
418926
399642
471974
465868
480810
437423
488845
352028
367301
348275
357133
451982
389444
350013
459751
403802
466548
404736
467281
387764
416360
464440
405058
341833
371568
351362
485416
398941
405214
461398
512866
446698
395113
440980
322414
350406
500451
318460
484713
389066
351642
400252
467970
393576
451236
379687
368002
459196
395267
349387
498287
400716
416274
458591
466138
408157
467392
439068
443498
373352
526254
431785
462166
362618
458720
367699
460541
438229
380780
375271
387951
376009
428027
346197
445460
351020
420923
370128
366624
418484
449080
424098
337134
476101
401129
427943
376950
420553
426019
480256
348090
337455
420054
419704
391376
404506
499635
381830
468969
342769
406239
408693
406311
485886
450465
448824
376699
446634
459731
386493
368980
367699
401398
477535
406928
424490
369825
405471
438974
405345
392428
445902
481489
400372
444892
398771
438991
427343
426508
392667
466854
445315
412766
462075
436374
438557
489899
395534
355306
392032
404274
331986
488331
417864
436247
458474
372760
422147
386757
413260
464503
472051
419710
479192
420508
323975
457548
433670
474173
421296
398931
481608
439928
387312
395454
410409
419192
370252
345562
448318
375677
339780
372519
384928
382046
338613
456181
498631
381919
364162
450946
459915
365682
469307
402408
357578
431584
460550
518209
367568
400447
456258
343024
319495
382480
363397
477634
464466
448132
348939
488745
440607
417074
443861
346247
360307
400862
372807
338416
362671
333647
460771
342572
423564
348464
441197
335382
348838
482587
456623
365016
468861
476364
451528
441614
484696
448483
455001
475059
406904
316642
436699
332775
389854
369960
374441
333304
418521
377442
347353
408282
454086
327030
433627
389349
438827
476575
426981
384261
384439
394184
350179
330490
467261
351872
355317
508242
448395
323990
484162
458226
365690
397574
427866
458398
344698
429681
398814
357163
428405
382745
349952
437819
432719
359457
455003
393144
426258
352016
484014
368421
408230
388038
483061
492385
393372
433080
449698
407256
376182
403031
324559
411544
418384
445365
399330
443515
501986
342369
365499
355460
409124
436432
457110
353868
482170
452197
384751
475633
425074
394113
382885
395807
402791
439267
333326
463444
443433
463402
445704
382834
403286
446200
455417
460761
369637
474533
346628
365169
344783
422462
463017
361640
363287
351053
389236
385552
452656
339330
421568
350728
500002
417051
409303
435201
447153
444908
506071
421402
472978
382207
361693
454928
414888
355167
369444
395892
335042
493418
362067
422376
350609
416673
437875
398128
345852
354984
427648
466744
350721
348555
407439
448662
373760
382223
422504
484978
368960
352973
434126
414465
412264
315103
397900
430015
518729
486741
399851
433067
356889
364390
332485
433039
424336
434777
466631
506445
449163
382756
497071
402789
406387
464720
453323
428858
368919
425075
398728
363685
371763
349629
385518
458060
390253
454645
396430
468785
510920
409910
371530
362133
386080
429872
426178
430007
379106
471224
438493
458507
491849
467350
459451
349255
456588
356165
358961
388871
459747
460367
352612
359366
445700
413556
407982
362515
398693
356951
410854
487356
442795
369639
347403
485088
458644
349145
446992
432341
473108
409098
392749
422842
451287
461558
372279
460821
455008
363836
384866
419364
393994
353172
387846
361314
382771
462236
338701
346666
426183
444655
484943
439711
330330
400224
398847
387106
429889
421509
369039
479576
346042
354644
426269
435807
401910
388344
496312
426799
372052
406777
410084
395582
418890
406615
465916
457826
366600
505798
355787
350190
468087
427986
476251
400979
374122
470953
375433
335553
456083
463822
466275
338015
450669
417727
353953
369328
356097
487113
369450
400541
451494
367780
453027
355958
495549
501266
374060
368190
418781
369069
346373
525072
352701
471111
383424
482509
377848
473514
411658
377602
448904
491786
478372
472870
447883
433087
351877
433481
416696
382242
358968
393135
385177
506145
449081
447665
400067
461281
399038
430469
348741
334740
340565
335316
365851
353805
347676
359236
472515
403884
395920
479038
329649
348411
399435
392035
367144
365244
393519
476244
440286
402035
349194
373618
377477
380732
447209
352004
380791
388552
463736
343339
444469
387350
428375
484930
322539
459750
393626
356351
444547
385744
445998
399367
439182
456310
440546
468592
371358
442862
343242
319992
442328
454984
326393
447502
420808
396150
436661
373621
352239
453791
355111
427091
405712
356207
455993
411171
393228
417775
355759
435181
365795
442044
421559
409718
443374
316573
388521
483452
450058
365779
486946
386543
433771
355801
382180
380766
425726
431125
478423
397371
339243
335624
465973
370420
392032
455957
448043
394612
344833
357759
397808
441396
352147
356716
342914
366698
448166
359938
384813
483112
396742
434256
469509
415527
413193
462710
508305
498036
406484
506194
367319
492758
383190
515195
426170
387499
380780
471930
456742
367822
334207
429982
451138
363489
474782
439981
442832
488740
438202
476680
338696
460736
408910
508142
372501
404152
391602
416020
421867
353160
436788
484022
420977
349866
399313
422326
434222
476852
501722
324935
461240
373204
424167
461160
364357
421891
358298
406447
370794
421567
404749
443722
357778
350011
459462
441718
444205
460530
378500
343632
460657
396893
402820
352563
390824
344986
373562
438016
434006
400177
431901
340075
376332
447630
369102
357346
360207
488557
417280
496684
339381
384540
500541
373877
406125
354666
496029
447772
336993
416626
473112
431762
355876
474457
333469
400754
461420
434234
376550
362785
372524
374165
420214
474770
478842
384431
480161
389040
479254
372716
385337
357847
402170
420439
472981
410292
452374
459506
383231
311040
401805
413332
483129
433011
470251
340644
415730
361213
500461
400932
344440
432549
450030
414846
354920
409890
458723
426436
340105
516882
395327
397919
519603
484807
362815
404867
422308
372688
384048
326739
495089
484885
451493
426559
316589
365137
417888
333820
369929
386849
440798
460063
441968
403986
336527
416817
370425
380426
448282
327697
405168
387396
347542
438532
360997
474467
390098
342789
497200
432766
387410
484776
490402
498139
460748
363233
443432
414717
480214
393091
468334
377382
356854
412132
476106
444865
357271
398362
362317
435958
357418
407752
436641
444660
365609
471450
475211
392866
418074
393527
453458
352051
459618
478543
478919
460936
375991
377126
359955
437695
488492
404584
406552
425149
471231
408781
358703
490470
470095
369299
402520
355099
380764
343901
473768
460442
441879
439597
431182
411439
454390
343438
415992
423289
412391
467489
408020
337376
376729
316420
396418
472316
332127
470681
497632
456634
413654
428720
425646
396152
386677
479581
388426
369777
368068
445185
421327
510192
388269
477047
434952
356509
375140
453269
368048
407767
455288
374380
486677
347883
440492
369736
330985
412963
395326
400117
458005
360123
358419
431527
383060
397801
395057
470893
481033
440652
433447
394449
458169
351976
408407
489282
441372
403698
424759
445132
316604
447576
419364
435294
343902
337970
420892
325815
409445
458666
467769
363320
466065
364755
355383
439734
411748
374493
476031
483847
399664
415485
485166
403518
419913
460731
352741
469486
345539
456968
477788
441257
473958
440474
397904
439924
472833
435977
341290
410545
408201
448933
425835
405288
404609
397842
336856
439859
458429
407076
482050
417098
433118
393529
405721
420950
452441
451907
419665
370459
485226
501921
333174
380087
419215
481557
340324
337995
385591
471568
450731
500348
401023
389601
479684
331589
470736
430317
430553
475780
336433
398742
491032
334340
403538
336854
487310
462428
477106
380578
435981
460789
370635
375645
382814
393917
336310
413700
496449
364267
396318
341458
367211
433286
466347
397612
360183
395676
401499
417090
446771
401022
407220
461084
440855
365661
353112
353483
412362
503392
380446
340429
365977
483583
471655
349535
392302
373598
475931
436947
371824
436438
454966
378903
481165
462479
485342
522780
353876
439717
365194
459563
464471
485293
484614
408609
305374
434464
473994
469686
502454
423756
498288
375248
405474
490718
357905
430455
447314
354187
450612
455181
477934
442764
385941
499500
479132
395619
492402
349254
457672
353164
465791
372466
443780
329869
358710
389854
409797
490448
476257
493657
416399
466867
338938
342434
417826
410162
427679
357439
480826
405974
468592
482266
411762
506075
385018
434493
458213
440791
418705
445066
388144
376571
417979
437296
346275
403765
370399
409134
437514
409979
404721
371021
476606
431697
416979
379280
385031
409867
379233
353481
306522
467430
465236
455227
422254
432606
420338
480951
449536
367165
354090
428466
502721
390718
398170
464701
451275
340817
486422
353436
436344
423297
412927
376233
397639
418377
327544
438009
350540
345849
466167
417261
377147
452837
446862
371909
512001
336112
409295
362398
425899
462743
452937
361416
492136
346827
354654
322301
417165
462491
360977
376665
455445
439567
357522
373230
422155
462385
396944
457831
474352
471563
428249
485723
378542
359560
339499
440121
357715
359300
338201
349393
439388
366632
506069
418037
339908
373372
390568
349025
381584
359933
452086
430338
413961
440394
431421
352255
398893
439365
393754
475335
474223
390196
463395
472930
410360
442238
445017
441027
398115
346513
376299
439354
470139
429955
390699
392937
383896
344720
417283
423429
412782
416112
382325
515696
370848
389339
358769
349263
454525
391344
401210
435427
494226
450346
461522
466731
363533
467984
414747
506921
380359
403219
410806
420129
461852
493906
421595
456838
497504
408588
382933
417730
406156
415924
421718
475468
469170
385217
479326
407146
357293
347829
400850
349908
354881
394433
389318
310890
345236
415616
345323
413828
493234
429794
370220
480560
387570
393208
414970
476970
417999
376121
403793
386434
449422
409646
381276
477411
387503
392344
397348
389878
367395
488876
482779
400624
324585
335768
372778
345870
391860
358720
455477
478352
331873
463925
455336
437266
344590
316863
384317
453238
482499
463643
441436
351850
424249
457489
491406
470370
406755
455964
382681
507888
318911
444364
453841
444223
498734
356735
372834
493225
375883
414545
391833
407983
334772
345117
445076
391200
322444
315634
338061
460726
395547
359515
381249
309519
421649
459303
313117
398686
387560
365989
464634
377435
453748
486510
434230
380814
355864
458565
373247
441655
484745
348607
412900
414622
460542
327634
432462
448089
441442
393581
431060
500663
365565
342845
501421
483708
347381
402868
410443
408192
400177
339148
477785
346917
482475
364117
502989
482945
449597
374080
388438
457569
448011
457019
421729
491722
354521
347634
348638
480995
434684
401947
417478
469848
426095
404132
442761
372569
425908
366790
327215
346703
455331
476464
507727
450361
380341
443788
374453
441499
392801
463104
326267
341869
340773
352035
380626
431125
389625
325854
428279
354568
410658
465676
401974
435385
426991
393849
409557
456640
452003
442999
332082
463731
373020
473302
454287
465619
488138
441179
338912
335957
443453
411037
382637
432187
417328
493463
457939
464903
372986
360268
442245
372758
400221
343338
408919
390826
413846
475946
386646
390909
327357
377575
344971
459461
469180
410759
380125
347059
414115
379584
371896
414013
432799
444379
352503
428610
480996
404366
427064
428587
458896
443181
389887
363254
427359
449426
415649
379733
460958
393586
349890
381022
419568
332765
456289
318357
453462
484640
410443
409771
491049
480852
339800
347826
341357
478887
362357
351707
391176
437763
451347
510921
436655
363292
358775
453246
448851
362074
396350
446347
416026
369924
431040
508420
441422
397591
484132
432061
349093
410450
337429
466773
385272
338076
463937
390124
390104
430135
415670
425735
395591
512599
377868
482411
418559
468335
471944
403677
381913
352212
442377
498102
475662
482893
348767
319064
471547
411411
307848
414614
456348
473118
371959
431138
389328
423925
435563
404573
414501
451131
410318
496290
339546
406992
362274
441982
494559
415670
428543
415302
402722
421923
348501
459780
348431
481268
422760
471733
352294
404753
398550
387237
453223
408900
362783
430295
351113
448410
333089
344863
461079
411287
429808
343724
335755
485664
414151
469060
438394
493627
410139
376951
394291
439708
511449
377343
381646
434426
442146
416551
394644
400545
425942
445854
418630
380259
339763
376997
474466
360507
385250
480794
328012
383859
448272
426279
433404
447981
423689
425123
517837
362123
494198
375889
445404
404925
508577
336533
411937
448203
453903
477897
393510
392267
430603
443037
418366
390528
458746
357087
378649
447254
381649
412350
447254
465286
383057
506487
429943
402941
445199
445605
396704
395864
432998
412798
385433
328631
475627
469478
376064
447473
433765
374110
397222
380219
450095
391388
426570
482199
396804
463159
345901
409751
407370
351385
406062
459494
322357
459477
466931
448566
366996
353187
322501
369478
444753
412408
401638
340099
426609
386023
419432
457455
367211
448642
437527
396527
382838
460086
424290
496751
326549
438702
396854
463750
470665
479156
395655
342801
443905
425034
398171
341314
452696
429600
351448
377412
426385
331973
480375
331730
400569
411335
395016
446379
344780
344217
340389
382217
465026
373810
480215
358080
444692
352011
336144
414351
377119
435105
347951
367202
327938
428337
408102
401349
412146
491463
456745
355090
380522
381483
459069
430600
354909
402814
495330
343982
391317
419911
379321
446136
399958
339229
403138
478506
457111
381084
481269
394430
334077
432540
355613
417280
383508
399316
411301
405009
512559
444576
449178
437955
451251
404433
367434
379928
391211
468916
388229
491929
337000
425061
418600
395235
425093
476044
321189
389693
389850
404932
328105
385091
436279
447962
418871
402425
439216
375495
418573
394350
387170
454442
350134
332373
423516
460498
440832
444275
445929
421577
495590
358396
371731
478087
336332
444993
394466
367820
356607
317209
317778
355105
359456
409487
367866
451397
363913
435472
492289
482391
489775
487218
473705
467542
316179
391611
372954
334698
359537
452774
406023
465922
399511
425111
428277
345031
354521
436533
427532
442293
368572
440732
362826
346142
513189
456252
389565
398247
440400
455877
375847
394717
451770
465479
390154
437491
442688
388785
444909
407337
458324
439183
353705
348332
401092
466593
323203
480544
401554
351984
512346
333316
409793
364905
337053
457782
410193
336190
515210
436070
412676
326400
409927
371180
414323
473162
460204
447025
419721
339889
398833
424992
469478
400610
447848
435943
389997
328107
379860
386263
471912
435507
404579
423587
452519
440458
454135
356389
440216
349158
474703
448501
345218
408505
380154
468576
358160
418507
333984
386854
363642
426566
463249
404972
403848
339947
333204
471119
414280
451098
451129
352138
443995
409016
360185
337003
413277
408985
397649
462076
364947
381094
348083
442676
475512
423592
454367
410497
350645
338237
392130
408779
477833
400464
412217
414508
425701
376509
408193
362766
387257
463579
430168
433549
401223
351894
389978
458065
428248
412038
336946
380847
465937
329961
370045
336157
347485
403733
434060
356840
412144
414637
443831
491115
357766
451195
481553
392828
462664
389378
444963
482581
421840
456103
369603
384223
439449
430346
417167
377744
355499
417287
459145
414713
441771
458120
390718
423154
422096
369935
445284
373080
350144
387355
335798
366047
349181
335579
502096
521339
355323
514733
368607
446936
357834
386024
458909
372226
465968
454213
336348
424099
372238
346018
360373
415591
482691
353696
402891
380406
461591
337160
437943
398224
426342
375971
508231
430363
359687
406839
351453
465436
374940
394665
443428
403808
366003
402838
396847
329338
380340
402460
385013
347955
393132
378265
465596
362402
452954
455506
372389
331369
485011
464495
455064
512793
342582
495255
421552
341626
357443
482191
400654
349362
514061
412629
400144
329600
452185
346212
460242
385811
483901
420646
345066
456807
377610
333607
394414
378938
333584
490776
400663
350980
367768
422935
336588
410062
381964
411956
345990
395140
325338
399794
380231
475778
487118
464272
507797
323922
470981
315268
350783
384257
475285
326535
470803
432967
425645
356864
401282
331731
387831
502395
424390
378902
443215
444922
364379
383317
513539
446420
350235
341430
421470
476010
465767
506965
348906
357207
432488
411211
426888
428013
468398
385669
390050
392691
428389
458082
334791
395779
440591
359008
386134
406566
456225
354109
393798
456624
391737
416101
454862
405381
429432
432737
376013
349873
491912
354876
499292
336764
463128
333813
408857
510274
358696
387473
461475
477287
497816
440177
389894
368570
508216
503704
381378
327255
416400
395264
493217
502315
416790
407767
487283
430110
374722
479927
469224
466061
366160
394459
375653
503248
375322
473180
357350
442139
330010
454782
427685
463380
343927
448637
337540
347825
463039
494965
370874
387940
358884
348751
412656
425109
400596
395399
422092
355031
452285
479882
357502
410058
455064
393747
353754
478817
367475
418786
346821
446892
412399
413238
449014
502377
429592
415082
500652
406126
386756
486057
358552
407069
413977
435252
372517
423900
401315
505198
472736
436956
475548
322138
347861
404215
309729
482244
433010
483625
425535
349428
434982
370230
447428
500053
369806
459749
404987
370870
371642
418340
430575
361888
353828
490152
477919
408201
446859
492568
424844
318050
429391
361345
354701
395651
474427
383261
457724
407305
344172
337558
340324
355748
378147
488267
394596
407486
348904
430780
350506
386649
464907
446372
411708
444441
380717
374399
395372
435913
430983
428272
372878
391097
359998
381650
522268
467779
425886
421240
412888
433931
333561
425878
453257
419743
376518
440063
426654
443807
380530
354741
430428
357383
348991
403030
437165
386762
409118
358688
381031
446245
458606
419328
443926
429927
399461
427785
441929
401041
395658
429415
426382
341528
481630
350797
454854
433879
352877
424980
472013
415823
350895
451252
460729
384763
378162
394917
388037
406456
460524
459047
467443
317020
479453
349552
389878
462876
449453
465850
372109
328457
454807
382081
379925
403772
411815
367181
373229
403543
408968
378838
384490
442556
369762
408937
483099
314243
324639
315675
364143
440621
347779
464244
462420
356337
334891
386404
451831
359379
455731
471365
449189
320110
438780
381193
496851
508662
411662
401347
358534
326897
436832
419166
374006
439411
523000
402578
437738
400266
444920
469520
370218
422647
458912
355723
405103
351545
426351
459978
419610
369454
489815
464077
362676
439307
400254
330522
370726
475428
461420
501547
377456
369182
463623
454075
414625
324161
451775
423325
411448
390213
340742
413979
449627
346639
380799
338980
369469
452964
346220
420020
376477
341227
446297
466940
343894
367442
424164
501957
448079
342724
410308
388704
442025
332126
431770
419018
499721
425365
424300
406516
404153
370356
414497
386324
362048
373454
345807
399258
489843
446923
446561
390933
401252
500700
394924
453512
403595
368761
434510
383012
351534
364612
468479
452213
365019
420524
354561
465582
438438
492062
502684
382088
446383
494105
354990
415639
455341
453067
499091
418170
409160
417039
394314
405366
467209
462595
366366
416277
345987
487823
371838
453556
515901
491456
456934
394875
452509
365783
463608
418647
463825
355429
416070
329827
418982
314502
427567
387849
367111
459652
417857
464407
332234
417385
442113
357165
462222
349986
489365
509716
369126
319438
444130
420914
402439
406619
406312
373994
417589
333499
321525
402281
450101
464840
502869
431407
354045
342230
461895
446838
392723
339211
375048
487724
397046
394604
522841
358180
504999
435634
381810
400281
362561
420149
401372
380562
414766
466928
419149
424160
472757
477188
417063
408988
435575
380007
361382
422425
480065
392881
363740
341374
368955
421294
457309
427313
434754
474467
393582
499251
330722
455671
368343
421939
363593
385050
379842
432397
407966
444016
465624
378587
354289
328597
451741
417816
465932
442630
370745
494331
352126
475343
409618
384857
439658
496555
485249
389293
328083
400155
440342
443038
439247
384556
365320
402212
410906
455218
439809
463740
374943
405585
471767
403230
496033
393337
370631
444374
375031
374001
391130
475057
412180
404958
422453
424066
460381
400257
459005
407012
442165
402265
386015
424354
403965
454813
369256
397026
497766
360839
389181
363577
421269
404691
493019
427339
503424
426803
364261
443392
403479
469881
496196
406249
380361
400953
341194
406520
483320
438867
372972
468560
361382
443473
381136
422036
411576
364571
337954
357559
405477
477867
466072
479022
360757
492488
369474
356787
358460
432713
362610
351368
463466
507148
353870
408229
400498
421722
373743
458054
353047
456448
342713
445220
326135
501801
405441
414989
331942
315302
422229
472253
426948
399046
427634
395816
351030
389537
392031
475025
455800
402186
470088
358798
424922
350933
367623
417474
450022
411133
399878
405631
480035
349543
395371
424852
375257
414343
408651
378732
428110
374038
384289
443414
334807
362071
448437
327627
391163
365909
405298
381822
393179
437500
382131
393203
431922
485521
419327
364552
388030
313409
376517
399237
346523
467840
482974
397192
368527
438290
389336
401146
455549
429192
429625
387918
375811
350477
459428
379194
354318
339927
421931
328341
340653
443912
398312
348707
445431
447990
386651
407052
418988
327725
453460
482040
439195
349761
363271
341919
399576
332813
390936
401751
334084
387123
370980
485079
429329
390485
392702
458492
343936
393121
492150
468134
327334
359448
366693
399760
354111
414720
416507
435771
483966
454713
472252
412562
414458
366716
416785
313099
474390
493014
403038
410701
368861
385419
373996
451607
342160
375666
367283
381584
352025
345308
451950
352142
392875
351855
337992
366278
436615
427528
478715
463185
459957
399515
442417
366313
459525
471849
458238
515382
379284
336572
306528
527864
426396
427697
398955
415081
414970
452310
369755
496583
350585
448367
499742
378948
475873
460491
346294
378113
353396
367271
341935
434203
356101
377605
435196
416915
493390
324152
393195
469057
363686
370999
481842
486693
397264
380836
376940
345610
393667
364897
336982
499139
443145
412288
377290
461597
407373
341362
426842
474691
524573
453551
404593
382982
461919
379884
362270
331529
443657
404624
368379
355028
410120
382868
528350
348605
454059
389248
489386
344022
443920
355281
500166
448041
457460
486923
374478
403409
329325
394045
443416
334334
364471
344435
358740
364793
411708
458588
339944
395489
416835
342129
403784
521839
466164
357000
341870
412834
399282
424576
404816
478528
330454
342100
353858
486375
409282
434762
366733
354026
359366
462957
506691
363304
436525
502322
422258
470976
428443
407711
505775
336094
351974
375349
422433
358870
389029
368537
464240
490735
416750
448566
345926
439056
442770
354207
400254
434736
365157
437885
409371
507067
409249
407554
475207
465267
378277
437576
455496
369187
389971
496672
442439
331692
380551
429349
400377
413884
414136
306937
365962
375003
375751
315396
443937
488199
432716
507199
389579
369015
332329
413628
473687
401338
383710
347964
383680
347121
443032
412910
430521
336209
446218
343909
368160
461971
393628
321774
445872
390743
356181
426293
466420
437647
333891
385516
515320
507665
335789
356812
470107
393434
472312
446275
434008
480852
447158
481530
466697
412936
465732
405044
459528
384968
357596
440702
372063
336534
438078
444898
394934
337659
392139
365207
381607
347524
341966
385898
393237
477091
466935
330016
462036
499708
403514
404675
436731
426478
330085
385338
380275
421835
361367
477368
454045
454260
387046
367617
458705
463236
392471
368265
341274
359621
386384
337775
404341
372144
356289
468737
346316
342078
406547
437472
353947
466832
381582
354638
451878
450061
313575
401506
392489
494898
351840
386822
393574
372684
423344
487582
476921
488143
354392
353532
391411
368230
367222
352805
424824
405270
450223
340940
484255
410773
358034
429280
453561
476497
366948
385438
493702
390154
469797
419875
426388
371384
444374
356251
356315
447080
503828
331962
429876
451480
322584
466198
373356
448756
367542
402412
399950
356426
389637
501779
371880
490071
347767
507479
516838
446524
363215
368696
328666
475144
380358
354870
361505
329341
380929
361007
356874
436453
343116
374662
361210
437715
463193
368609
412315
386611
462262
380510
389328
467422
370993
423751
359594
345086
392286
398493
474628
417083
473713
395951
440116
420020
410161
485739
421354
371316
417610
306385
363975
340524
387154
469067
502043
366602
416064
394188
430963
443886
427306
346873
365889
309503
339662
408045
402443
409417
471864
395663
416550
505556
374635
366715
434224
341266
521701
331907
414159
469625
373453
435775
446281
453276
463275
416007
398009
414072
364864
399871
377868
410111
460293
372634
477989
484026
445652
342310
458026
455606
445315
321602
399563
484447
349042
448230
383842
410907
488210
462291
353659
377511
367562
349098
422446
391672
459340
394568
402338
414331
370071
371730
373765
457466
363036
368069
434241
408308
369015
483649
488633
368026
432044
463278
449929
401205
468831
410342
373604
475211
427718
479764
353599
305725
469149
456653
464310
350707
344745
359873
423953
317942
441793
320036
392037
417906
435938
334512
378506
396688
465670
409463
379274
443935
462746
472400
339526
338897
444603
379874
446698
387377
483279
380248
425911
451497
488157
380937
426567
366147
444239
350542
501663
401492
393153
409145
479898
377277
397667
376294
442478
375330
371870
354372
510455
441733
408540
351603
389391
427586
392441
345042
384869
423815
476376
366728
395469
482405
373311
401400
468029
428313
342191
348885
440247
414017
422790
443708
477457
492911
412523
447723
400012
392202
404546
458362
364240
355370
455224
328179
381177
374361
497725
471304
441462
372036
359024
461982
425174
390977
346777
438562
372169
405946
392602
358513
353325
360792
347193
448608
450564
316816
433604
451734
495973
357568
455490
423653
400656
373920
517519
467220
329607
388216
479189
436736
376186
438830
332017
390824
395009
366220
358261
362845
452755
361586
362121
437229
445372
370216
394685
366043
381291
415273
392063
469280
369658
418980
396775
348511
385454
382375
370550
473576
434864
404161
512361
462624
404518
338847
407050
382065
438164
406192
425657
369407
466741
376959
429636
349697
373647
369396
383938
356132
483407
429850
439648
399790
436929
404270
395806
412160
420317
428388
450474
454374
482788
496243
387641
347065
437484
474223
324051
399210
381032
433529
425476
390611
509973
381431
469900
465014
338434
359105
391490
381285
398740
443385
457576
454727
407724
481558
358792
399723
335829
332087
354229
498408
488800
426872
355128
440170
397126
361855
353172
393934
484988
415672
377499
368525
482689
321848
419113
510698
413089
354084
429944
467778
409365
447860
443050
338782
468444
468903
436828
382993
452710
404316
390787
399356
368344
446655
423564
316442
323603
448638
336125
421565
471968
446806
374048
372194
443461
436432
405922
455841
462009
383906
348105
430015
431409
308525
433725
406860
350149
356502
431641
358545
394147
448396
377970
380716
366882
422032
365761
355441
335684
409743
438955
417898
336628
354698
354126
409817
355267
424528
360125
348166
373948
321352
419681
330101
374813
434860
409451
373632
429848
345830
389632
449197
437394
458429
452240
364692
358905
417554
452669
403188
365444
373245
319345
471840
373642
410827
358386
345553
405050
405527
345637
331062
386006
438694
360979
406896
507000
322226
468747
392386
437577
383844
409269
356488
439166
408435
355690
376363
512371
379635
419589
494167
495762
436099
426013
340106
469337
429469
444795
380465
359011
376822
444071
476850
339954
382046
360911
357034
414236
466374
422850
445778
390432
415175
431579
368558
374950
347075
432449
358917
430991
407739
457724
489460
427481
435295
391025
459988
467703
431566
437310
411276
479752
418667
475958
405992
511988
437715
475379
493681
404053
505701
414337
463713
448976
439078
365816
399405
349069
450479
386678
432417
377489
446202
390776
464650
349248
414483
321711
376899
420897
473150
480255
463084
462097
463772
455942
428198
401210
450347
428813
328382
372401
411432
399438
340411
375658
429680
407589
487990
470978
432257
392420
367844
464364
488463
380457
433566
347226
506001
490011
362570
405070
419946
360334
355489
374861
499187
369270
384459
434031
408628
375400
434418
409972
439212
377618
454097
457924
427469
427629
417059
350951
431005
503789
387021
510764
433564
356413
388021
398615
426355
462076
471608
388525
373772
403833
351641
365063
352062
328483
348690
457121
429505
489408
508079
400201
425500
499526
332348
446262
492916
363894
385597
400036
411477
432819
392005
419110
434628
359457
392934
381022
433550
384950
330327
326714
496803
466188
393798
397002
499611
372679
498945
504891
345673
431846
349847
431059
344085
425954
458639
397879
462949
379149
403501
426024
491534
489056
405967
355471
439305
389989
359959
343261
500957
398863
479678
447982
354688
374717
335524
439299
370171
444452
448506
435071
414103
372390
326458
376598
357417
496575
406747
450159
412926
465031
343463
450986
390013
408230
393110
398049
431632
407992
334613
335737
443472
366234
537462
343833
460933
364506
448963
451751
376240
377898
411386
332685
454782
356812
456405
322912
426018
368797
476976
433163
464600
380211
438593
423968
480046
457162
460222
490777
366581
416233
342739
425934
319205
410278
404736
437952
472364
476788
500788
466175
374655
358640
410492
389257
374382
365230
348134
475865
348856
378458
494902
463758
402225
468710
369646
344805
419125
359068
418289
365944
371556
322985
418840
462990
386708
407914
475418
411020
456736
421854
509445
403661
401825
352882
444260
445275
477042
498599
395948
464474
391433
419303
400951
345744
335214
438494
425790
479906
483391
436941
453633
338292
325129
434546
447119
423457
441397
466007
469391
362716
429853
449394
474871
402913
472424
425380
370398
412416
405521
348004
371698
470612
408979
318851
453249
384191
491332
386724
315715
343929
466053
409051
362227
360517
365264
515892
434541
349277
427079
367506
406227
368262
386557
409151
376699
376627
485378
462000
460901
453976
329748
325838
389562
494532
363809
346861
457680
402181
448305
419022
404354
431765
304587
377593
436310
474080
430364
359416
439547
500903
411676
456805
474506
368995
358896
498380
445839
474780
495022
347943
416581
454466
347181
381434
411991
454288
402441
321553
386830
395156
404021
405144
394055
406985
393369
336120
395896
344970
339960
499665
427074
366397
331469
431985
450804
381079
372724
398038
458610
401646
393454
348481
403469
419120
328143
378031
353039
451662
389222
416482
405830
351663
386547
392599
392866
398149
443431
383548
386985
342165
350094
366659
397740
399745
376641
509272
417410
431618
432023
377886
412586
332271
324718
455530
391258
427505
416294
390691
427511
335531
491546
403686
518239
361546
384506
452976
383792
408036
411657
450010
441022
419243
351079
335581
341638
340430
375455
374955
323269
537278
426476
334298
334126
491572
334917
470806
429037
368539
430854
384528
490705
413410
363524
361001
325125
384587
464471
479025
497376
353922
358887
457976
405913
320434
438437
446350
358697
357794
460914
397325
360301
405276
461389
361999
509953
373732
411622
502680
514231
434130
460628
453419
440105
457094
443796
459440
351825
460863
374939
454198
321789
428353
461976
372568
384270
402134
434237
479728
368113
361790
401496
463572
482994
393139
466547
422561
400640
457359
473624
385630
407137
378605
349979
372643
399348
349990
365832
393923
424308
333951
397112
500033
451461
425447
485192
451085
382176
382272
351680
453937
441723
337881
444573
477720
427373
431690
463924
395132
420823
461858
412358
352166
351607
403090
465498
398339
461224
466333
468603
408793
445710
354103
423288
391427
432707
355419
436939
354955
446359
418795
417405
438502
470768
359998
425206
435185
384795
416272
414842
399428
444742
398267
323552
493534
450717
411564
372792
498328
465087
358676
330386
359097
458323
497423
463603
357886
378488
434329
470265
375719
332506
406626
346772
485404
436254
385586
380019
356867
333013
329810
358838
488693
424822
415657
348071
406608
367803
348769
473936
458376
490634
318231
470070
342313
396323
423135
405906
371891
407890
471016
381351
423272
434882
400831
337906
412450
312996
461851
407357
428512
478471
391304
359479
343918
329211
466262
408279
438721
495277
407866
391290
426527
420169
379790
461923
444310
468391
340954
458761
482762
491535
422941
343909
347779
502922
364561
354607
461560
420517
356443
362302
458156
436142
382086
343965
381885
481847
418782
315340
417632
378529
439684
472185
417040
440277
361203
410368
457471
453182
339220
493946
441477
476594
374492
417013
464919
459015
327458
323086
422927
351240
475071
333295
370185
483374
522827
407673
466806
477806
360973
384493
397510
465174
398637
358609
365695
432998
398949
340426
413659
362653
395668
418180
401788
468586
484237
416762
461014
370946
441023
396605
384475
479344
426649
363338
355687
501159
357248
475819
367773
341054
412098
390474
384829
414323
406131
432601
361371
415260
378618
459285
398256
503359
494666
427233
485876
437782
458688
366531
463922
373106
358545
397357
408994
440192
422961
420708
459470
380260
452797
331802
440096
342310
449135
356863
400116
453507
435363
403181
360771
392560
447943
412265
422175
453398
375755
404601
479125
367364
343457
374627
424479
450649
449714
433771
462230
418839
381190
357888
422335
431423
442262
436545
350912
466169
473960
366589
429342
445877
413503
473806
470346
428436
414330
490340
494857
355768
406531
456156
469354
393346
490066
366122
405735
353796
439211
396897
461613
398602
374500
517064
344035
429502
368241
351476
382672
342543
426135
475442
479463
368534
353546
402440
448298
388678
359943
467054
450628
404807
497751
443858
476888
432266
445954
344068
518734
459322
401664
383719
511681
337352
383315
433210
312527
366395
392578
447078
404991
382388
401905
387203
413697
364149
476444
369332
509427
345851
437009
387317
335552
321384
477327
325541
438321
349542
483336
460275
390733
436301
484801
419776
402136
459525
453779
350663
481216
440814
378075
376133
401060
338374
429865
456532
377742
461840
451864
447841
463864
454391
411691
436433
448524
411857
400521
394873
434752
414385
428293
434446
432677
477593
435353
418327
398183
408826
388210
379049
373683
404925
405256
360626
425009
405015
454685
412195
498020
411754
442935
433210
418064
432712
320157
376211
388239
393698
385790
467570
482338
341241
366501
369891
395758
472058
370661
374526
450139
410245
480310
496178
365276
463384
390991
362385
381236
457124
419001
398594
330224
364637
495842
366361
421981
480105
502372
378947
445140
370648
389374
356356
466195
398818
498312
360115
382519
400456
478208
344749
392752
396008
470211
333603
396887
382809
404456
493311
486791
465224
487423
416437
357245
342790
396803
437619
382518
358961
464922
355223
330390
353685
434536
419833
340973
444058
362511
353439
416833
397209
416133
383061
448860
371026
388356
424599
350211
448137
432918
407155
414004
442372
478357
374624
440795
398835
411079
346228
390417
365932
379528
390745
387302
384845
415860
425330
388835
405268
482226
430550
369771
372596
460981
375299
454572
357309
381721
453515
467155
344473
415074
391744
342580
506455
453747
403838
404937
408055
470419
473411
460592
324960
447324
456210
431678
409798
410306
320570
383337
443973
490245
348777
498091
356312
471183
348667
373829
443094
374527
438250
448816
362775
381716
328039
453393
372959
388034
350722
357338
455011
360824
398461
427752
381371
406697
337775
356396
434143
351624
355417
418777
460092
409195
435906
402133
382986
370345
448704
421252
372390
449788
432945
438762
348958
366332
381513
406793
384398
402864
377778
404181
420159
359521
461807
375135
386394
471419
437607
414414
431679
391291
364841
376885
462559
365566
345658
371607
443363
473364
399957
439263
455277
331304
457550
374860
356298
392971
416898
513030
356275
504419
362668
367524
484295
480690
474789
340311
362792
394394
417213
381293
342012
486581
367195
363792
339450
347794
427207
434178
452057
416369
420261
405801
441406
484313
361558
431277
423294
444488
466342
490543
461887
343075
412244
370094
438604
440066
491493
370552
358005
382107
470840
355685
457594
408421
457084
368801
445676
480171
454280
383084
452083
428744
390142
473424
472209
456482
379149
392087
475149
491420
335236
437268
477938
418977
348458
340926
338571
431917
348251
455780
429303
452725
361971
396749
468294
382854
373151
404216
406761
425046
424983
496210
373475
486415
332203
469798
447508
357034
383919
434277
394706
339732
353476
364697
496115
436824
450152
492949
460070
357689
492052
437448
456278
379443
479265
484029
493478
454125
459758
365714
388315
431535
441853
451036
360051
335672
437211
338908
410989
411767
455967
440897
418977
369751
356962
449219
468568
385171
455093
504923
467297
320755
356162
466723
452818
367832
486804
471807
397975
376516
403601
417217
435892
489541
398161
446773
381437
459032
443748
483767
410686
342641
453969
470520
508666
490144
494137
375979
449277
387488
479868
378983
335077
403404
447205
354447
343336
445496
381640
375493
416707
432746
411435
370525
408342
343648
496389
358873
499130
476938
494059
355798
469308
465046
407029
500796
398667
350820
430286
443439
345401
488087
342752
430046
386557
413237
439256
374185
440651
332140
404970
408820
502532
369036
423187
447728
433783
441098
348741
352103
435764
442631
455915
469837
366837
437133
496476
348786
329897
442634
440436
418816
422250
416888
403445
369533
452969
447128
323055
401110
417308
411057
467342
368023
407957
461676
357560
439217
362374
366552
372711
432702
375948
512720
474301
425982
368901
358804
482275
474705
387247
470086
457339
371606
387897
481287
374650
357658
515020
432397
432624
481554
483535
401424
315645
451857
440580
305976
411487
407655
455051
383873
406514
340995
509979
372058
360717
440797
475434
447493
436537
390617
473284
409666
341953
377738
468200
371662
441078
435173
488903
369569
383846
385121
355876
436840
380597
360695
417061
446178
413522
346988
427094
372328
446227
360451
401780
480150
360716
457796
404203
403647
491197
363738
367263
361796
371102
402515
427911
457236
359619
378484
335340
317658
437933
446727
366067
400170
399258
506721
351359
383861
439882
405427
518705
465568
349019
392425
435691
427127
405635
400637
367921
443810
504341
385868
402010
454941
427205
368560
444321
453633
400663
361008
412474
370724
388305
484013
488713
469244
492412
383306
337196
478086
370571
400142
479381
458629
314548
398836
460610
388181
394029
349932
417052
365574
461853
409946
406301
415262
465054
374977
369166
444946
478873
464782
341089
377190
439424
360566
412496
482647
398706
404382
390251
372376
353570
382829
432247
407937
311470
424463
435105
510812
352095
420235
443393
440930
339195
476453
434610
466356
406740
316244
400167
368795
448971
439457
447299
342949
446556
419767
348108
432134
379783
440210
343503
430029
362309
444397
487645
407276
390771
417136
359747
450606
424406
412534
387821
346402
415726
397051
368807
322294
361580
460912
452062
422249
466709
417485
393796
438914
436416
482859
379636
445086
405965
432030
386275
494215
356407
316282
410082
488548
394245
485489
306651
385967
344065
502151
479333
393990
407818
409051
450112
465627
380570
393065
446175
362371
401500
472923
419596
377652
465521
380433
370445
474139
381227
381587
341555
413427
334843
317612
482144
397905
426896
434954
362703
468038
321656
439077
475454
385717
370418
349108
424223
435000
440898
339357
464335
438922
402581
425989
401074
349690
346140
389150
338941
427267
360728
399665
474674
353417
412150
408911
466147
496499
367807
459498
404874
368056
435053
505483
387931
361168
335860
433222
481344
378000
473526
426582
484939
465107
354752
446557
385555
465438
364922
430461
472184
506221
446346
424809
441522
348133
454402
482579
393287
428443
455257
353469
483169
465730
446060
359824
373169
456512
440189
416620
467557
371560
445015
366154
477471
419958
411298
453171
362476
436987
380772
342540
392136
349374
310125
428227
339326
464041
366730
421261
323812
475502
479483
386208
393969
371046
425258
455280
457694
393074
344238
363980
463895
440476
466841
459396
405134
343470
397801
448687
372053
408093
485240
455575
420173
444310
462570
364604
458245
487329
412433
442682
362352
442902
360862
352191
493756
461310
397072
452204
437896
462525
359555
514613
352957
525360
425707
365423
349881
419739
463398
491466
419132
406489
468895
401799
447284
361008
427640
437582
456386
404489
422126
376245
450323
412742
376512
354543
332576
388360
422343
406930
351169
454904
323371
472385
459561
334397
445503
342894
417345
413969
390222
382481
352974
475781
443025
363049
353643
393597
508375
452950
433798
459319
347260
369806
326060
414409
400885
522439
330378
423954
453363
421556
386187
406177
341700
378266
443246
386246
506192
523686
376301
430092
487593
469899
396723
358306
357158
363049
489942
438816
494409
472542
479111
370933
381635
459268
416888
412538
321239
461260
377768
405259
450277
368108
442056
471132
470232
483334
472927
488085
534153
448606
327311
332569
355608
369242
358979
451089
457384
449510
493175
328261
355958
462755
410345
348068
361992
410681
399389
435827
509755
346587
464525
345812
343535
489992
424822
442367
466723
475331
367860
465434
393010
317688
357419
402463
411501
446935
469562
490389
451790
452604
454920
441207
337190
344210
408206
374771
414307
452716
422699
377440
362520
498648
466976
357326
371884
471456
376806
384648
345662
453599
359093
435383
358744
429834
445259
386111
443376
359313
427997
380931
366979
365745
351007
391250
383993
462780
404522
378688
459251
413769
419314
453928
392551
378298
395157
510567
426118
403136
503461
411221
414444
355234
335466
493331
445329
416835
454240
369554
446713
480814
387616
481240
445896
349566
462295
402413
355966
386737
378799
402843
324125
425722
371924
455606
387389
430209
390893
395520
480578
366057
429326
433566
434594
353353
397402
334927
392388
352561
314597
340973
417717
452079
427135
339034
430162
445694
487437
329946
357182
418106
436993
411323
446466
331410
424918
414470
380735
349345
477731
399219
408085
430328
410842
327616
467240
350816
471989
410789
469204
443663
444648
516195
496427
454543
427148
450607
425400
517194
362959
385567
373979
402372
419285
437806
448341
346343
418682
386968
433386
420416
372973
375313
412639
463848
427179
449476
502176
325994
386241
329807
464986
360609
401150
358883
477014
410387
351282
508411
351530
406036
377320
400490
416377
360060
430234
383748
343601
345412
377762
480951
377644
509061
414631
493700
504670
376889
391062
335349
388046
495422
471363
477582
356199
445446
458110
441091
450573
463056
421439
471807
407626
392551
503716
431169
405533
338206
446384
381520
387218
368624
376489
380982
365008
354874
372893
377142
353564
393802
407128
442391
346492
398752
364633
455533
384490
453718
432845
335116
449220
400453
429586
500948
392868
426333
383065
373382
464327
353180
361461
457990
362992
427741
441623
415066
497267
480503
481809
395641
392876
441338
353208
461239
410026
335926
448991
429635
472890
496020
378800
357238
375489
410962
473239
385059
413164
442233
336090
343569
469181
488809
310012
439869
509979
508182
404818
370013
473620
432570
397407
357970
436246
382107
467348
345538
417511
463789
410722
463863
504381
347700
352385
470001
372644
380535
489347
389074
405442
408766
454993
440613
335945
495697
444151
397475
409053
448361
414669
353146
302491
495845
509442
356863
441067
397320
421921
357355
458097
468663
485739
400264
395143
392927
437368
431406
387650
482223
461799
371189
409120
441845
362546
385648
389449
410656
386984
476576
398254
455764
322605
455312
449881
365964
440180
418894
350224
455568
340870
406108
335169
417931
317157
362832
459226
464758
426168
334900
438412
466387
499668
377971
369403
415051
473911
460889
433926
479910
327083
500983
457244
320736
368874
357858
435713
451805
335865
414064
347588
417275
447791
393499
373997
446716
473551
343860
481573
373145
459239
497719
439158
382380
398168
381762
351958
414970
381331
353713
405290
413824
470328
443825
356326
356863
344350
494256
437943
365740
391198
425186
411917
453969
458881
368007
408407
414657
362148
329294
443035
476430
429329
380343
360588
431704
326823
517737
418887
498622
368649
462835
346388
438450
501169
373505
344893
384307
405772
490733
467129
400646
388097
420900
499431
346113
385444
455061
363751
412978
343835
458100
403305
328757
452556
462622
454216
443726
447375
362875
360509
394770
336791
479364
383652
409627
340999
490104
430993
396973
450599
352812
412254
410444
380079
477070
382481
