294245
294182
294273
294229
294192
293801
294204
294066
293749
293911
293874
294004
294094
294039
294103
294224
294212
294053
294143
293923
293878
293836
293767
294130
294192
293608
293868
294272
294139
294195
294245
294201
293997
294079
294140
294123
294108
293950
293816
294166
294150
293900
294267
294050
293927
293752
294131
294174
293636
293908
293906
294103
293935
293934
294134
294042
294090
293646
294170
293762
293915
293827
293835
294017
293810
294060
294164
294060
293890
294288
294099
294283
293971
293939
294215
294012
293784
293993
293970
294183
293824
294151
293852
293801
294052
294100
293985
293949
294210
293962
294282
293958
294174
294116
293937
294050
294198
293897
294219
293986
293902
294169
294017
293997
294163
293931
294003
293869
294206
294086
294205
294144
293827
294141
294017
294089
293753
294125
294292
294067
293903
294074
294012
294273
293985
294139
294168
294177
293742
293854
293936
293988
294295
293790
293977
294061
293909
294299
293820
293787
293975
293859
294185
294115
293855
294121
294212
294085
293927
294218
293950
293631
294183
294129
294141
294126
294198
294077
293621
293983
293670
294108
293899
294256
294188
293844
293804
294143
294063
293742
293793
293737
293844
294061
293935
294082
293977
293871
293955
294274
294194
293831
293770
294012
293720
294248
293976
294218
294162
294199
294240
293735
293914
293886
293703
293906
293828
294163
293762
293956
294013
294122
293797
293877
294029
293888
293847
293717
293842
294286
294211
293996
294007
293696
294094
293781
293990
294199
294182
293895
293927
294253
294049
294226
293745
293906
293895
293805
293904
294140
293815
294212
293969
294129
293819
293746
294049
294037
294079
293887
293989
294239
294289
293839
294153
294032
293963
294168
294078
293586
294223
293756
294194
293975
293751
294216
294136
293844
294222
294038
294127
293886
294316
293933
294149
293836
294161
293699
294286
293722
294006
294031
293657
293912
294115
294072
294137
293978
293884
294186
293943
293984
294262
294132
294116
294157
294073
294119
293639
294168
293768
294237
293908
293911
293802
294184
293819
293884
294059
294260
293906
294054
293602
294082
294009
294191
294095
294222
293789
294222
294031
293771
293995
294243
293753
294091
294312
294136
294075
294110
294086
293905
293989
293953
293593
294272
294302
293701
293692
294239
293888
293918
294096
294104
294210
294066
293670
294071
294142
293908
293948
294011
293706
293859
294054
293763
293814
293898
294246
293739
293834
294045
294264
294111
294081
293819
293845
293937
294192
294230
293961
294000
294064
294118
294101
294200
293940
293738
294251
294146
294290
293808
293644
293766
294083
294111
293776
293885
294124
294269
294095
293832
293746
294008
293887
294133
294288
294005
293997
293639
294257
294106
293994
294225
294088
293612
294010
293851
293786
293966
294016
293932
293712
294072
294237
294139
293910
293724
294125
293946
294167
294198
294058
293860
293625
294226
293851
294099
293818
294170
294156
294201
293711
293798
294166
294207
294037
294118
293906
293906
294192
293972
294219
294069
294135
294040
294167
293889
294167
293852
293719
294045
293909
293807
293791
293788
294113
293857
294119
293635
294034
294124
293722
293722
293758
294268
294169
294064
293908
293739
294268
293671
293750
293997
294265
293750
293890
293990
294047
294194
294047
293682
294256
293985
294090
293788
294261
293918
294228
294184
294053
293929
294148
294094
294198
294124
294212
294013
294138
294199
294232
293849
294174
294016
294292
294089
294246
294078
293838
293818
293973
293866
293679
293849
293732
294163
293690
293805
294082
293771
294133
294164
293886
294009
294057
294161
294249
293792
294010
293937
294263
293656
293817
294056
294145
294079
294106
294233
294259
293758
293812
294027
293768
294209
294192
294167
293985
293919
294013
294051
293596
293965
294135
294105
293929
293881
293703
294074
294132
294165
294115
294040
293984
293901
293836
294265
294045
293935
293952
293680
293935
294133
293721
293836
294049
294264
293666
294246
293879
294080
293892
294165
294200
293638
294042
293901
293985
293892
293927
294187
294246
294164
293906
294054
294092
294127
293939
294124
294268
294242
294240
294043
293690
294090
294258
294129
294241
293681
294214
294257
293969
293743
294218
294109
293887
294031
294231
293864
294270
293726
294189
294235
293895
294170
293979
294049
293645
293906
293773
294187
293694
294214
293976
294055
293983
294204
294265
293740
294142
293878
293917
293820
294033
294179
294233
294123
294183
294189
294178
293819
294319
293766
293590
293806
293899
293878
293801
294195
293877
294268
293711
293977
294208
293770
293965
294108
293860
294140
293739
293729
294041
294064
294280
294029
294049
293765
293851
293941
293894
294288
293854
293642
293713
293961
294079
294307
293957
293712
294310
294088
293994
294180
293888
293982
294123
294275
294026
293914
293909
294123
293943
294267
294076
293790
294096
293916
293885
293787
294136
294104
294002
293953
293913
293869
294057
293854
293879
294106
294265
294117
294000
293900
294298
294238
293968
294232
294124
294249
293774
294204
294098
294280
294021
293992
294192
294139
294136
293749
294173
294025
294274
293829
294184
294125
293703
293807
294186
294099
293955
293759
293728
293929
293872
293874
293966
294320
294217
294208
293872
294248
294010
293842
294296
294179
294235
293880
294279
294206
294104
294115
293703
294054
294148
293861
293926
293991
293705
294156
294165
294034
293649
294200
293725
293919
293909
294063
293910
294187
294154
293907
294247
293818
294055
293786
293575
293621
293860
293680
294205
294020
293945
293901
294010
293934
294168
293880
293949
294319
293982
294284
293776
294143
294101
294181
294054
293798
294140
294085
294013
294072
293666
294175
293658
293861
293977
294073
293710
294144
293956
293590
293838
294223
293748
294197
293851
294273
293878
294190
294166
294016
293699
294115
294028
293705
293970
294051
294161
293813
293938
294065
293797
293871
294239
294025
293898
293884
294000
294119
293860
294113
294097
294053
294110
293730
293984
293942
294226
294255
293773
293947
294036
294183
294127
293852
293766
294227
294224
293717
293931
294156
293929
293773
294246
293826
294163
293790
294075
294072
293803
294217
294053
294028
294321
294048
294179
293920
293976
293982
294117
293709
293914
294294
293947
294041
294056
293762
294033
294158
293903
293816
294221
294149
293619
293933
293683
293870
293754
294110
294090
294167
294150
293808
293862
294136
293706
294168
293673
294287
293663
294121
293958
293802
294114
293755
293796
294123
294026
294025
293807
293854
293712
293775
293974
293963
294235
293965
293792
293799
294192
294013
293997
293823
294161
294230
293726
293763
294077
294011
294118
293884
294097
294146
293874
293998
294002
294043
294237
294303
293766
294303
293964
293796
294154
294152
294119
294155
293838
294232
293817
293816
294077
294253
294202
293953
293859
294231
293920
294076
293737
294117
293880
293677
293898
294155
294248
293912
294074
293984
294147
293841
293880
294109
293760
294079
293848
294060
294098
294223
293883
293659
293588
293869
294313
293819
293842
294255
294277
293929
294038
294112
294064
294137
294159
294011
294252
294089
293978
293892
294155
294241
294024
294059
293701
293779
294162
293799
293892
293911
293771
293982
294284
294101
293793
293848
294176
293895
293909
294084
293947
294255
294037
294077
293993
293858
294070
294080
294245
294105
293812
294204
294078
294271
294089
293722
294280
293702
293881
293947
293948
293844
294180
294028
293781
293662
294215
294175
293938
294048
294220
294182
293923
293878
294264
294240
294097
294163
294125
294160
293917
293788
294261
294164
294239
293924
294133
293936
294242
294019
294153
294211
294022
293674
293893
293680
293889
294227
293856
294239
293801
293710
293681
294224
294179
294021
294199
294145
293620
294125
294004
294257
294060
293804
293923
294117
293786
293895
294228
294251
294185
294165
294250
294039
294112
293910
294005
293639
294003
293954
294199
294076
294123
294287
294044
294266
293846
293976
293686
293725
293872
294013
293893
294078
294042
294254
294257
294255
294055
294068
294152
294107
294072
294195
294166
294209
294114
293717
293944
294246
293948
293767
293829
293909
293743
293840
294173
293740
294056
293930
294056
293831
294136
294176
294029
293782
294201
294152
294036
294170
293755
294285
294301
293880
294099
293820
294248
293935
293977
293999
294160
294212
294119
293927
294246
294203
293883
294177
293939
293916
294196
294081
294142
294278
293693
294101
294249
293978
293849
294026
293934
294072
293845
294106
293788
293813
294241
294076
293936
293848
293939
294283
293867
294089
293813
294038
294187
294104
294288
294030
293715
294205
293980
293973
294036
294066
293827
294150
293831
293856
294257
294026
293670
294107
294029
293723
293978
294182
293775
293976
293906
294100
294232
294053
294020
294248
294289
294141
294079
293776
293757
294210
294223
294187
293976
293649
294025
294068
294082
293763
294243
293972
294094
293879
293836
294047
293994
293775
293737
293856
294201
293772
294041
294101
293786
293998
293737
293735
294030
293952
293941
294090
294178
294067
294153
293799
294151
293755
293845
294235
294178
293871
294217
294158
293887
294092
293924
293859
293658
294114
294232
293757
294171
294068
294155
294002
293906
294145
293844
293773
294222
294292
294075
293936
293689
293762
294156
294121
294099
293940
294116
294194
293931
294053
293843
294039
294270
294309
293949
294146
293665
293903
293980
294302
294247
294221
294184
294239
293689
294089
294250
293716
294314
293997
293698
293555
293985
293806
294140
293940
294083
294084
293817
293898
294120
294253
294151
294245
294058
294021
294086
294181
293803
293996
293568
294138
293791
294129
294074
293931
294083
294095
294179
293765
293985
294261
294087
294076
293831
294118
293828
294075
294041
294063
294232
293713
293926
294211
294229
294098
294041
294250
293869
293861
293912
293925
294167
293622
293976
293864
293949
293613
293788
294155
294166
293928
293831
294271
294017
293986
294164
293849
294129
294242
294032
293975
294244
293621
294291
293920
294165
293932
294075
293866
293759
294018
294085
294133
294092
294064
294184
293824
294104
293758
293756
293769
294038
293880
293780
293768
293806
294156
293890
293801
293866
294200
293835
294038
293819
294057
294037
294031
294149
293948
293827
294007
294170
294302
293850
293715
293921
294048
293804
293971
293765
294170
293867
293628
294119
294228
293904
294273
293784
293788
294242
293817
293870
294126
293870
294126
293905
294012
294011
294078
294191
294279
294081
293932
293763
293907
294000
293683
294177
293944
294013
294204
294308
294278
293894
293954
294042
294244
293615
293835
294230
293865
293951
293891
294188
293680
293970
293622
294249
293696
294240
294125
293818
293908
294182
294051
294241
294048
293655
294166
294058
293881
294206
294046
294094
293717
293960
294065
294063
293985
293855
293748
293894
293836
294203
294229
293942
293780
294177
294244
294037
294040
293729
294230
294205
293973
294004
294224
294259
294131
294176
294077
294160
293858
294215
294054
293915
294063
293780
293903
294306
293792
294187
294125
294163
293894
294192
294177
294082
294169
293909
294154
293819
294259
293766
294279
294187
294271
294114
294264
294108
293969
294172
293879
294171
294254
293795
293703
294204
294097
293984
293953
294206
294048
293749
294245
294019
293732
293847
294059
294104
293903
294163
293656
294179
294174
293925
293640
294238
293873
294202
294136
294116
294103
294006
293962
294198
293834
293749
294138
294197
294105
294077
294019
294039
294319
293957
293853
293696
293670
293941
294234
293778
294148
294255
293875
293830
294109
293905
293826
294149
293963
293950
294180
294190
294128
293724
294131
294129
294137
293942
293917
293927
294095
293950
294199
294091
293945
293723
293972
294161
293811
294073
293949
294019
293708
294000
294236
293799
293865
294135
293672
294100
293882
294119
294203
293766
293894
294089
293950
294183
294089
294067
293760
294041
293646
294040
294221
293810
294090
293736
294034
294049
294017
294177
293744
294298
294219
293832
293819
293728
294154
293927
294225
293845
293982
293755
293969
293709
293817
294167
293806
294298
293814
294257
293734
294187
293904
293930
293792
294054
294155
293866
294286
294303
293948
294038
293787
293939
293800
293831
293703
294077
293775
293862
293733
293864
293880
293755
294215
294267
294287
294064
293996
294266
293861
293723
294071
293916
294250
294054
294059
294115
294284
294006
293884
294265
294070
293887
294061
294088
293770
294315
294065
293954
294054
294123
294277
293924
293912
293764
293798
294197
293796
294175
294133
294089
294071
293844
293783
294183
293815
294294
293794
294174
293816
293849
293927
293823
294027
294231
294224
294074
294165
293829
294106
293911
294212
293855
293740
293890
294133
293890
293928
294229
294092
294130
293885
293817
294166
294261
293931
294291
293847
293710
294004
294156
293806
294213
294038
294297
293864
293961
294191
293918
294217
294028
294069
293948
294090
293600
293850
294042
294143
293886
294036
293833
294055
294154
294195
294085
293996
293836
294209
294166
294146
293927
293847
294120
294198
294154
294001
293845
293948
293823
293743
293823
294049
294169
293989
293783
294051
293924
293757
293973
294006
293952
294073
294133
294123
293904
293950
293862
294319
293947
294080
294131
293596
293778
293868
293699
293873
294268
294234
293767
294274
293982
294156
294199
294227
293993
293930
293805
293854
294180
294159
294135
294176
294259
293677
294001
294055
293938
294174
293781
294247
294248
294103
293892
294209
294047
293979
294226
294023
293715
294183
294222
293994
294272
294086
293963
293855
293773
294199
293863
293922
294071
293892
294154
293824
294282
294133
293951
293739
294047
293935
294008
293822
294282
294209
293972
294047
293710
294282
294210
294001
294183
294251
293721
293925
294231
293784
293944
293695
293769
294190
294216
293919
294200
294163
293624
293816
293872
293898
294143
293935
293895
293917
293902
294256
293828
294197
293876
293792
293844
294196
294186
293999
293803
294266
293846
293840
294261
294155
293848
294141
294073
293839
293755
294076
293919
293980
294265
294040
294104
294160
294008
294314
293884
294003
294101
293893
293920
294052
294268
294271
293808
293970
294022
294067
293853
294247
294107
293987
294148
293839
293653
293962
293823
293924
294205
293595
294048
293933
294101
293754
293978
294203
294074
293695
294141
293864
293971
294181
294050
294304
293945
293888
294106
294025
293897
293795
293691
293727
294266
294180
294173
293829
294079
294197
293836
294225
294055
293789
293827
293997
293884
293902
293954
293854
294214
294101
294037
293930
293933
293989
293819
294129
293996
293783
294102
294058
293937
294222
294121
293954
293914
294119
293858
293970
294011
293977
294208
293834
293783
294297
294002
294280
293735
293826
294149
294093
294001
293881
294164
293781
293844
293836
293965
293814
293828
293641
294143
293746
294051
293933
293971
293994
293815
293765
293825
293882
293968
294184
293769
294255
293916
294296
293873
294238
293916
294240
293873
293589
293869
293841
294037
294254
293779
294280
293744
294160
294251
294125
294005
293983
294013
293940
293776
294095
294056
294121
294109
294147
293714
293928
294243
293781
294098
293924
293799
294219
293868
294142
293802
294309
294212
293990
294234
294162
294156
293980
294225
293985
294102
293642
293716
293912
294146
294116
293768
294147
294066
293811
293906
294174
294165
294300
294251
294249
293929
294017
294043
293839
294056
293920
293702
294217
294082
294275
294180
293973
294043
294198
294109
293975
294274
294203
293831
294051
293967
293752
294049
294067
294004
294167
293898
294075
294132
294044
293996
294280
293623
293786
293750
293956
294110
294031
294193
294142
294043
294157
294016
293747
294228
293997
294210
294281
293904
294157
293820
293916
293900
294107
294095
293772
293850
294216
294134
294008
294221
294122
293957
294267
294234
294038
293880
294265
293756
293793
294108
294203
294037
294182
294251
294056
294117
293972
294071
294137
294240
294120
293997
293982
294038
293879
294211
294238
293962
294103
294233
294175
293668
293784
294058
293667
293816
293812
293946
294159
294136
294057
294286
294114
293693
293674
293837
293909
293887
293965
294322
294265
294221
293919
294004
293789
293781
294228
293851
294212
293802
293962
293882
294094
293893
293829
293909
294043
294055
293843
294081
294016
294093
293916
293723
294226
294250
294263
294071
294138
294058
294083
293848
294093
294169
293985
293784
293742
294081
293992
293808
294256
293876
294061
293979
293627
294110
293872
293904
294210
293767
294083
294259
293898
294130
294156
294126
293864
294148
294037
293694
294229
294213
293786
293905
294284
293753
293960
293935
293991
294259
293821
294068
293903
293797
293794
294225
294211
293749
294094
293958
294226
294304
293970
294182
293982
294078
294273
293807
294127
293949
294186
294189
293930
293720
293988
293976
294078
293820
294164
294215
293857
294179
294007
293716
294038
294031
294190
294255
294224
294239
293979
293872
293771
294141
293844
294090
293914
294192
293700
294086
294184
293608
293887
294184
294054
294229
293860
294062
294065
294282
294139
293921
294274
294153
294025
293847
294013
293654
294090
294300
293727
294165
293822
293876
293906
294167
294058
294205
294090
293999
293900
294199
293784
294242
293828
294022
294087
293842
293908
294239
294062
293953
294071
293844
293895
294064
294262
294204
293643
294192
294223
294253
293678
293942
294274
294022
293721
293981
293753
293789
294091
294183
293912
293828
293820
294108
293919
294252
294147
294193
294251
294008
294187
294121
294019
294157
294239
293897
294170
294128
294120
294073
294110
294158
293956
294195
294098
294147
293777
294134
294294
293756
294262
293867
294080
293662
294137
293700
293982
293667
294037
294171
293584
294169
294210
293920
293716
294230
294098
294324
293765
294028
293848
294263
293811
293972
293890
294114
294236
293928
294077
294046
293930
294211
293823
294119
294055
293838
293963
293937
293976
294140
294200
294000
294159
293994
294100
293881
293794
293709
293971
293953
293811
294145
293835
293739
294180
293798
294289
294079
294039
293871
294036
294200
294158
294116
294030
293704
293686
294187
294105
294214
294246
293772
294244
293773
293834
293664
294108
294111
293789
294224
294047
294217
294155
294034
294169
293924
294180
294106
293840
293765
293798
293997
293804
294025
294181
294157
294150
294100
294078
294070
293986
293685
294098
293785
294253
294303
294230
294057
293696
294084
294200
294287
294130
293840
293995
294054
294136
293831
293947
293789
294219
293899
294040
293921
294248
294039
293885
293947
293950
294225
294228
294262
294154
294220
293972
293709
294228
294035
293954
293841
293827
294060
293809
294119
293935
294083
293913
293912
294031
294114
293972
294230
293856
293895
294094
293738
293907
294028
293976
294041
294193
294121
294174
294046
293832
294233
294249
294169
294267
293900
293581
293956
294163
293807
293911
294133
294291
294102
293858
294270
293762
294259
294133
294071
294199
294293
294203
294257
294162
294159
293862
294284
294020
293899
293921
293894
294192
294267
293952
294070
293812
294184
293930
293882
293937
293931
294219
293744
294030
293995
294017
293706
293928
294257
293951
294110
293904
294083
294100
294313
293986
293722
293808
294216
294128
294061
294058
294307
294124
294240
294102
294237
294037
294155
293892
293927
294212
293943
294044
294213
293898
293954
294223
293983
294007
294247
294216
294141
294034
293877
294047
293700
294275
293965
294238
293711
294239
294094
293805
293778
294196
294229
294181
294209
293782
293902
294088
294294
294044
294051
294089
294168
294058
293772
294055
294239
294192
293925
294199
293820
293841
294180
294086
293877
293833
293931
293666
293960
294038
294256
293922
293971
293968
293659
294178
294053
294145
294222
293707
294034
293786
294084
293745
294109
294008
293983
294158
293994
293790
294046
294063
293944
293990
293783
293817
294019
293726
294214
294044
293834
294000
294080
293775
294214
293694
294005
294279
294101
293925
294186
294200
294121
293720
294276
293974
293912
294294
293932
294158
294083
294128
294220
293938
293748
293794
294187
293925
294158
293859
293613
294304
293849
294148
293817
293912
294160
293971
293948
293757
293707
294263
293777
294104
294068
294260
293764
294277
294168
293892
294205
294184
293888
294064
293765
293990
294031
293761
294290
294198
293714
293959
294185
294089
293939
294204
293736
293877
294087
294188
293996
294242
293980
293775
294218
294244
293999
294287
293890
294085
293913
294112
294294
294155
294200
293687
294244
293920
294140
294052
294227
293866
294060
293872
294238
293832
294202
293978
293936
293967
294066
293928
293730
293969
294242
294200
294087
294255
294033
294166
294190
293822
294110
293982
294197
294147
293841
293916
293866
293899
294280
293908
294023
294232
293838
293864
294269
294132
294196
293738
293911
294096
293975
293729
294151
294208
294143
294253
293900
294221
294020
293917
294103
293629
294262
293991
294153
294215
293884
293938
294015
294107
293809
293986
293684
294039
294107
293829
294234
293824
294193
294241
294209
294227
294076
294303
293735
294146
293850
293884
294256
294175
293721
294082
293918
293852
293995
294074
293850
294051
293838
294059
293750
293856
293723
294119
293820
293889
294142
294173
294218
294119
293870
293776
294252
294003
293716
294015
294296
294218
294232
293850
294112
294197
294301
294026
294044
294269
294093
294154
294160
293834
293783
293906
294191
293960
293801
293813
294219
293809
294241
293947
294175
293917
293950
294015
294022
294252
293715
294076
293897
293732
294251
294186
293911
294201
293881
293890
294050
293908
294237
293679
294010
294234
293737
294053
293851
294129
293814
294052
294183
294125
293928
293965
294292
294148
294114
294029
294292
294279
294226
293803
294254
293899
294187
294002
293908
293877
294103
293978
294249
293846
294196
294174
293981
294172
294200
293951
294289
294158
293763
294101
294239
293816
294086
294026
294050
294054
294211
293951
293814
294018
293974
294192
294209
293831
294240
293813
293683
293878
294294
293770
294188
293834
293898
294034
293801
294183
293859
294148
294227
294083
294279
293965
294202
294283
293831
293930
293790
294017
294112
293918
293957
293999
293679
294271
294008
293878
293901
293868
293860
294063
293744
294008
293979
293892
294041
294273
294068
294127
293914
293980
293819
294040
293693
293974
294080
294164
293982
293823
294134
294047
294277
293690
293877
293868
294103
294187
294085
293865
294239
293947
294123
294065
294236
294117
293900
294040
294038
293879
294114
294248
293859
294008
294109
294133
293709
293944
293938
294098
293973
293952
294011
294053
293950
293846
293807
294223
293794
294070
293715
294235
294177
294254
294218
294286
294237
294160
293896
294080
294050
294170
294046
294075
294041
294285
293931
294219
294082
293888
293985
294123
293863
293777
294123
294182
294291
294040
294038
294116
294253
293934
294246
294199
294058
294129
294160
294301
294178
293745
293937
293768
293946
293730
294255
294277
293879
293971
294173
294205
293754
293908
294235
294165
293955
294296
293715
294221
293954
293762
293828
294112
294121
293839
293729
293826
293707
294162
294204
294033
294122
294043
293993
293717
293879
294022
293968
293914
294243
294053
293826
294137
293869
293967
293832
294184
294000
293669
294130
294157
293718
293740
294143
293795
293880
294218
294114
294218
294163
293761
293866
293803
294182
293741
294251
293992
294226
293781
293782
293827
294129
293915
294168
294160
294224
294018
294022
293718
293703
293796
293912
294292
293972
293916
293873
294109
294155
294262
294134
294063
293836
294178
294193
293868
293693
294290
294221
293987
294064
294037
294161
293938
293924
294177
294028
293859
293912
293966
293679
293995
293578
294149
294179
294165
294298
294011
293866
294188
293818
294207
294162
294018
293793
293736
294246
293996
294069
293793
294032
293999
294213
294266
293894
294184
293983
293843
293754
293948
294197
293649
294117
293773
294252
294052
294176
294100
294020
293785
293970
294003
293745
294249
293805
293699
293771
294109
293944
293952
294068
293667
293977
294182
293739
293942
294081
293706
293589
293942
293896
294076
293686
293905
294096
293906
294027
294145
294232
294084
293901
293856
294012
294245
294206
294154
293985
294124
294143
294133
294272
293608
293820
293841
293832
294234
293898
293883
293949
293756
293916
293747
293826
293794
294177
294141
293840
294109
293752
293945
293730
294116
294074
293869
294113
293876
294264
294074
294193
294291
294243
294103
293892
294256
293743
293776
293834
293785
294122
294074
293920
293870
293777
294148
294170
293956
294217
293975
293832
294231
293888
293867
293661
293876
293915
293752
293889
294301
294269
294280
294143
293690
294201
293925
294135
293890
293626
293836
293789
294157
294090
293984
293862
294189
294010
293750
293773
293824
293772
293717
294210
294198
294158
294314
294216
294153
293723
293850
294252
294205
294270
293745
293636
293742
293995
294029
294222
294019
294248
294001
293855
294150
294246
293753
294032
293796
293740
294197
293984
293816
293895
293845
294044
294052
294227
293903
294168
294213
294264
293822
294245
293873
293708
293944
293914
294115
294104
293809
293945
294217
294055
293938
294117
294146
294311
294029
294055
294110
293900
293930
294058
293672
294071
294156
293984
294206
293996
293883
294021
293948
293853
293969
294317
294208
293742
294153
294234
293722
294301
293962
293650
293897
294156
293762
293676
293988
294017
294133
293831
294267
293750
293711
293812
293981
293986
293839
293735
294237
294172
294242
294297
293576
294226
294288
294112
293914
293881
294187
294013
294057
294079
293873
294119
294195
293741
294234
293897
294203
294266
294085
294262
294001
293793
293867
293665
294168
293784
293735
294010
294265
294246
293918
293754
294122
294007
294003
293740
293793
293948
294172
294201
294163
294054
294295
293937
294095
293895
293827
293900
294178
293685
293934
294169
293997
293990
294319
293661
294129
293893
293876
293872
294073
294170
293741
293996
293756
293845
293979
294137
294042
294106
294007
293850
293886
293588
294171
294090
294258
293806
294157
293963
294048
293744
294297
294078
293789
294116
293783
294107
293567
294250
293740
293623
294030
294165
293996
294012
293922
293762
293902
294199
293745
294261
293933
293660
293926
294081
293942
293950
294049
294254
294176
293835
294031
293874
293872
294015
294233
294036
293753
293913
294271
294054
293796
294202
294223
294242
293757
293886
294311
294243
294245
293896
294045
293934
293953
294180
293740
293606
293743
294287
293715
294240
294201
294242
293917
294185
294216
293880
293817
294150
294102
294205
294058
294246
293754
293984
294020
293600
293812
293590
294061
293988
294100
293840
294292
293775
294183
294184
293721
294293
294049
294043
294184
294091
294024
293996
293686
293866
294265
294143
293910
294081
294099
293987
294114
293687
293797
294184
293823
294279
294244
293627
294087
293898
294164
293767
294035
294243
293849
294234
294035
294192
293865
294166
293775
294087
294161
294264
294001
294078
293782
294147
294161
293826
293917
293930
293871
293901
294185
293893
294029
293845
294067
294198
294164
294219
293972
293849
294069
293973
293931
294087
293757
293624
294037
294255
293897
294006
293847
293838
293643
293854
293803
294154
294131
294279
294001
294248
294082
294253
293957
293684
293888
293862
293908
294129
294223
293775
293906
293870
293761
293701
294008
294162
293750
294168
294152
294132
294300
294162
293684
293937
293764
294086
293876
293706
294104
294021
294137
293771
294062
294071
293910
293759
294045
293735
294219
294035
293733
293994
293866
293895
294136
293840
294294
293841
293975
293867
293865
294074
293890
294026
294273
294031
294280
293799
294031
294242
293940
294127
294090
293948
294036
294192
293747
294287
294096
293679
294219
293697
294201
294219
294215
294316
294025
293793
294078
293816
293733
294268
293943
294200
294038
294222
293835
294206
294176
294189
294266
293795
294139
293809
293849
294295
294172
293961
293802
294038
293781
293969
294078
294306
294182
294191
294016
293852
294316
294217
293955
293987
294036
293809
294100
294235
294124
293901
293852
293871
294090
293876
293706
293929
294155
294113
293987
293626
293954
294132
293695
293723
294167
293934
293866
293828
293915
293789
293973
293827
293944
294042
293691
294059
294278
294283
294197
294171
294099
293752
293893
294020
293856
293761
294158
294248
294010
294275
294189
293706
294025
293838
294171
293767
293937
294194
294200
294127
294257
294034
294154
293709
294298
293742
293992
293904
293772
293835
294114
294105
293817
293966
294255
293729
293945
293753
293895
294091
294274
293918
293669
294206
293832
294029
293973
294176
293684
294019
293973
293891
294139
293989
293937
293974
293842
294223
293993
294037
293817
294239
294221
294251
293857
294146
293783
293813
294221
293795
294005
293667
293951
293568
293756
294130
293868
294275
294182
294073
293957
293841
293757
294122
294304
293759
294074
293809
294154
293726
293999
293789
294248
293756
293636
293754
293638
293921
293931
293995
293927
294087
294182
293669
293691
294087
294074
294154
293875
293794
293840
294128
294269
294045
294195
293636
293930
294179
293776
293939
293945
294222
294241
293988
294223
294262
294281
293977
293697
294027
293703
294050
294295
294118
294241
294151
293949
293831
294157
294133
293754
294213
293638
294018
293970
293899
294040
293950
293746
293996
293973
294126
293979
293961
294278
293817
294098
293910
293693
294047
293840
294112
294276
294217
293866
294310
294175
294209
294110
294144
294163
293978
293852
293823
293730
293884
293910
294045
293667
294048
294286
293638
294205
293681
293903
293890
294062
294229
294323
293833
293690
294111
293717
293796
293995
294000
293939
294209
293865
293923
294238
294196
294061
294254
294190
293761
294032
294218
293759
294083
293958
293749
293938
294255
294221
293935
293796
294274
294272
294222
294234
293739
294010
294095
293798
294021
293994
293674
294120
294038
294182
293838
294232
294210
293911
294040
293960
293741
293906
294263
293649
293917
294112
293949
294176
293859
294185
294202
293975
294060
293792
294036
293933
294033
294240
293825
293888
294099
293995
293884
294092
293742
293961
294087
294017
294069
293808
293956
293730
294199
294079
293827
293899
293761
293932
293889
293737
294212
293843
293881
294054
294184
294057
293943
293770
293741
294085
293758
294136
293996
293758
294261
293992
293965
294184
294131
294050
293855
294158
294062
294183
294015
293935
294004
293874
293897
293961
294069
294001
294213
293845
294027
293597
294280
294212
294237
294166
294176
293765
293804
294034
293682
293802
294022
294185
293784
293795
294165
293859
293888
293838
294182
294154
293797
293783
294072
294189
293971
293931
294015
294069
293673
293960
293802
293892
293823
293822
294286
293928
293781
294280
294217
293699
293722
294086
293913
294020
294236
294226
293760
294021
293794
294013
293985
293961
293841
293801
294168
293799
294243
293909
294138
293794
294117
294152
294039
294256
293833
294105
293835
294015
293817
293980
293869
294012
294125
293805
294232
294106
294296
294246
294126
293987
294169
294044
293775
294057
293723
294024
293868
293782
293997
294178
294054
293718
294061
294034
293966
294101
293913
293818
294115
294195
293962
294228
294076
293949
293998
294013
294119
293881
294229
294146
294054
293996
293666
294169
294157
293777
294241
294007
293804
294047
293934
293924
293829
294156
294220
294239
293626
293876
294277
293836
294017
293790
294235
294080
294046
293814
293636
294016
294205
293914
293951
294071
294134
294000
293818
294164
294058
293891
294242
293776
294192
293674
294071
294277
294137
294053
293733
293960
294043
293638
294227
293989
293929
294063
293982
294142
293633
293591
294031
293737
294074
294140
294293
294002
294079
294202
293897
294114
294284
293927
294262
294034
293998
293798
294263
293793
294154
294142
293704
294137
293801
293944
293679
293722
294126
294108
294192
293785
294127
294075
294022
294027
294184
293808
294153
293966
294151
294249
294275
293863
294166
294254
294175
294212
294231
294055
294265
293876
293750
294058
293927
293787
294027
294156
293711
293960
294205
293879
294205
293785
293626
294102
294155
294178
293749
293801
293721
294152
293713
293783
294229
294238
294186
294138
294175
293821
294030
294037
293872
294297
294092
293785
293830
294275
293866
293803
294176
294238
294220
294246
293973
294152
294251
294029
293742
293922
294064
293862
294219
293975
294135
294216
294120
294094
294043
294209
294157
294007
293833
293653
294138
294213
294080
293790
294043
294255
294001
293980
293958
294038
294030
293758
293641
294243
294103
294220
294162
294149
294278
293712
294024
294093
293702
294005
293894
293580
293703
294043
294175
294068
293995
293934
293903
293957
294050
294083
294084
293817
293945
294071
293838
294231
293813
294250
293852
293997
294104
294121
294153
294163
294188
294144
293962
293826
294158
294069
294003
294016
294209
293928
294220
294269
294081
294106
293878
294269
293943
293978
293620
294181
293995
293750
293976
294065
294047
293938
294001
294120
293791
294113
294168
294245
294129
293940
294079
294242
294186
294043
294230
294247
293829
294181
293872
294046
293915
294094
293862
293847
293877
294281
294166
294053
294000
294050
294221
294043
293970
294126
294219
294187
294254
293739
293786
293749
293816
294277
294070
293675
293842
293825
293971
293887
294185
294125
294144
293988
294290
294296
293672
293715
294257
294217
293786
293979
294113
293782
293876
293892
294099
293811
293804
294077
293996
294210
293796
294068
294114
294004
293928
294064
294150
294082
294248
294282
293871
294000
294122
294110
293861
294047
294239
294132
294122
293949
294026
293998
293765
293701
293938
293911
294212
294258
293726
293814
294094
294291
293890
294026
294058
293702
293857
293740
294141
294198
294187
293895
294209
293866
294229
293790
294238
294154
294178
294051
294180
294083
293866
293920
293709
293666
294033
294046
293995
294070
294248
294234
294240
294145
294208
294262
293894
293723
294269
293948
293778
294156
294031
294274
293804
294058
293967
294180
294307
294307
293901
294110
293910
293849
293714
294161
294049
294221
294058
293785
293959
294064
294086
293708
294129
294023
293824
294233
294035
294299
293958
294176
294148
294173
293908
294088
294075
293906
294236
294145
293734
294129
293651
294140
293858
294141
293913
294265
294142
293756
294114
294279
294248
293707
294180
294281
294091
294256
294183
293846
293786
294032
294174
293943
293922
293797
293847
293798
293907
293911
294168
294279
294095
294270
294080
293967
294150
293869
294033
293879
293975
293936
294177
294298
293910
294154
293934
293966
294215
293825
293684
293697
294286
293712
294238
293923
294196
294316
293812
294010
293831
294239
293988
294248
293991
294188
294224
294076
293912
294080
293858
294081
293749
294158
293759
293868
294169
294018
294143
293736
294049
294131
293990
294132
294005
294201
294218
294068
294125
294100
294296
294168
294170
293994
294019
294237
293657
293947
294045
294020
294282
294098
294308
294179
294031
294183
293786
294068
294239
293753
294010
293788
293861
293992
294097
293877
293967
294296
294190
293922
294146
293984
293840
293834
293916
294065
293821
293990
294003
293855
294254
294032
293896
293977
294182
293993
293674
294071
293860
294297
294061
293781
294259
293940
294202
294233
294127
293868
293815
293919
293963
294004
293827
293831
293940
294155
294232
293898
293983
293895
294026
293952
293694
294252
293973
293718
293897
293753
294074
294272
294244
293987
293714
294162
294249
293866
293793
293968
293835
293860
294045
294172
293832
294038
294136
294301
294247
294208
294305
294015
293792
293917
293911
294105
294247
293748
293893
294068
294225
294017
293945
293643
294011
293811
294077
294256
293984
294040
294165
293920
294139
293828
293871
294004
294187
293894
294192
294001
294157
293865
294049
294159
293786
293935
294172
293819
293931
294195
294134
294296
294237
293656
293726
294140
294166
294227
293918
293977
293748
293843
293869
294275
294107
294092
293912
294240
294015
293904
294013
293906
294310
293708
294226
293748
293801
294161
293695
294275
293795
293930
293637
294231
293869
294011
293757
294021
293812
294100
294272
293929
294252
294159
293966
293712
293943
294110
294077
293988
293718
294113
293882
294184
293858
293992
294286
294243
293966
293909
294237
293768
293953
294026
294057
294272
293888
293645
293887
293925
294201
294009
293634
293843
293585
294042
294264
293712
294289
294208
293778
294134
293816
293986
294241
293712
294054
293884
293934
294029
293998
294251
293766
294094
293790
294111
294277
294298
294227
294124
293800
293715
294205
294293
293593
293997
294123
294143
294280
293942
293850
293714
293855
293807
294124
294296
294257
294192
293779
293902
293911
293962
293867
294156
294152
294206
293805
293781
293894
293780
293760
294012
294189
293846
293764
294243
294265
294314
293859
294000
293889
293789
293781
294078
293771
293955
293873
294045
294232
294079
294033
294159
294257
293898
294059
294012
293653
294130
293813
294038
293740
294124
293985
294157
293755
294136
294161
294161
293896
294074
294103
293944
293892
294120
293735
293936
294280
294023
293979
294093
293915
293861
294301
293861
294273
293795
294187
294266
294197
293868
294050
294309
293894
293895
293848
293944
294030
294265
294282
293975
293890
294094
294197
293881
294264
294176
294040
294151
294103
294144
293857
293975
294066
293728
293923
294253
294182
293857
293737
293904
294025
293950
294213
294232
294042
294104
294102
294024
294041
294223
294006
294254
294083
294060
293740
293809
294082
293944
293821
294155
293815
293819
294164
294038
294179
293952
294144
293874
294218
293976
293707
293635
294042
293725
293914
294031
293897
294249
294229
293749
293684
293797
294076
293944
294102
294274
293905
294109
294211
293859
294130
293835
294080
294106
293783
294008
293958
294144
294087
293811
293859
293769
294181
294066
293905
293981
293812
293953
293716
294231
294059
294304
293598
294087
293876
293894
294023
294155
293933
294011
293826
293847
293944
293918
293923
294070
294236
294294
293840
293856
294209
293959
293658
294124
293669
294055
293879
294159
294249
294058
294059
293992
294219
293794
293820
294114
294151
294094
294074
293588
293906
294116
293697
294144
293805
293828
293903
294124
293974
294132
294076
293810
294022
294081
293870
294180
294297
293631
293773
293927
294160
293870
293762
294191
294148
294201
294108
293942
294241
293958
293803
293776
293944
294087
293867
293818
293863
293965
294090
293959
294099
294029
293931
294212
293919
293966
294198
294025
293964
294068
294162
294170
293701
293923
294185
293703
293952
294064
293968
294006
293881
294157
294322
294119
294206
294045
293932
294295
294002
293895
293865
294279
294025
293608
294269
294050
293968
294157
294135
294169
293969
293906
294160
293804
293987
293978
294195
293810
294028
294229
293590
293859
293992
294241
293883
293861
294004
293753
293943
293935
294025
293974
293687
294048
294277
293793
293896
293630
293753
293857
294028
294016
293705
294254
293796
293983
294222
293991
294136
294125
294074
294095
293997
294171
294195
294064
294226
294177
294128
294024
293857
293787
294225
294176
294032
293773
294066
293731
293904
293943
294220
293764
293847
293987
293852
293792
293626
294003
294155
294098
293738
294152
293732
293860
294084
293676
293967
294295
294039
294127
294114
294056
293762
294164
293847
294232
294115
294255
293967
294212
294139
293930
294250
293887
294302
293750
294231
293954
293894
294059
293796
294191
293910
293879
293924
293983
293859
293846
294093
293829
293852
293729
293918
294222
293881
294069
293977
293638
293865
294044
294033
294071
294040
294176
293760
294268
294254
293681
293867
294141
294074
293862
294097
293731
293753
293890
294042
294277
294136
293903
293940
294233
294034
293688
294019
294017
294063
294184
294168
293988
293896
294155
293954
293995
294044
294016
293946
294266
293965
294215
294294
294050
294054
294053
294299
294064
293886
294254
294216
294174
293786
294263
293632
293635
294290
293678
294267
294031
294134
294172
293814
294070
294023
293833
293881
293817
294291
294305
293820
294002
294059
294240
294091
294182
293685
294199
294095
294215
294278
293925
294281
294297
294182
293923
294058
294080
293840
294010
294086
293651
293723
293834
293773
294008
294189
293918
293829
294227
293610
294024
294049
293896
293737
294113
294213
294209
293987
294273
293903
293938
294095
294085
294040
293964
293882
294166
293860
293985
293819
293835
293698
293754
294265
293785
294221
294275
294166
294207
294213
293884
294146
293884
293869
294032
293968
293791
294236
293868
294001
293783
294074
294187
294163
293826
294229
293734
294082
293820
293851
294229
294102
294267
294179
293812
293712
294049
293938
294037
293806
294000
293752
294166
294132
294208
294258
294061
293818
293968
294278
294006
293958
293785
293743
294159
293773
293851
294115
294227
294114
294123
293835
294127
293688
294075
293907
294041
293911
294164
294151
293766
293919
294167
293751
294235
294008
293918
293863
294220
294254
294264
294104
293884
293895
293973
293963
294012
293786
294177
293770
294128
294279
294238
294027
294023
293761
294139
294003
293973
294010
293989
294168
293822
294214
294020
294152
294007
294260
293904
294111
294086
294172
293872
293951
294116
294257
294161
293972
294017
293944
294166
293910
294033
294006
294141
293758
294215
293984
294164
294226
293913
293917
294016
293863
293985
293808
294223
293643
294014
293965
293904
293811
293900
293895
294247
294134
293985
293964
294165
293981
294125
293680
293957
294148
294171
294286
294218
294229
293707
294199
293787
294141
293845
294188
294154
293775
294116
293695
293964
293847
293985
294125
294232
293752
294275
294258
293837
294214
293825
294132
293910
293815
294200
294142
294250
293991
293945
293873
294015
293922
294157
294179
293814
294305
294251
293795
293886
293968
293908
294045
293801
294123
293936
294245
293965
293869
294188
293954
293870
293927
294155
294193
293887
294228
294042
293570
294065
293734
293774
293997
293859
293944
294021
293861
294178
293759
294107
293929
294227
294307
293592
293933
293876
294247
294224
294055
294221
293941
293858
294189
293845
294180
294098
293651
293835
293925
294021
294035
293775
293789
294147
294287
294040
294254
293991
293956
293793
294190
293997
293762
294265
294236
294100
293979
293915
294209
294121
294119
294225
293926
293871
294288
293719
294130
293887
294274
294011
294237
294049
293846
294296
294145
294117
293886
293773
293904
293945
293666
294075
294279
293793
294055
293894
294300
293968
293943
293748
294029
294141
294207
293627
293875
294233
294256
293943
293741
293789
293963
294263
293825
293767
294221
293950
294251
293786
294135
293840
294223
294287
294259
293853
294158
294062
294243
293988
293765
294222
294132
293990
294121
294288
294289
293976
294053
293919
294259
294160
294188
293689
294007
293838
294196
294209
294144
293909
294198
293670
294245
294182
293814
293791
294075
293695
293943
293960
293681
293865
294106
293816
293807
293845
294202
294042
294250
294197
293951
294178
293805
294237
294119
294053
293886
293735
293707
293698
294124
293931
293710
293921
294159
294109
294085
293743
294261
294279
293723
294317
294068
293902
293717
294091
293683
293787
294133
294209
294237
294283
294157
293756
294032
294082
294150
293897
293918
294002
294182
294161
294265
293987
293967
294138
294073
293844
294276
293834
293806
294293
294234
293944
293854
294070
294134
293767
294186
294103
293985
293952
294190
293777
294003
293994
293858
294177
294096
293789
294080
293899
294145
294233
293964
294236
294069
293841
293852
294200
293902
293842
294239
293901
293847
293817
294202
294286
293992
294120
294227
293844
293976
294216
293746
293750
293950
293989
293775
293674
293769
294192
293886
294175
294289
294065
293954
293806
293926
294221
294069
293902
294072
294296
294084
294224
293700
294243
293959
294045
293953
294186
293918
294005
293879
293997
293750
294234
294187
294008
293779
294140
294099
294085
293836
294143
293956
294075
293912
293976
293999
294049
294088
294259
293732
293757
293923
293777
294204
293833
294129
294189
294075
293671
293890
294231
293986
294207
293797
294186
293836
293892
293813
293774
294001
293838
294271
294242
294172
294039
294011
294280
294149
293820
294128
293847
293876
293791
294215
293987
294061
293919
293773
293894
293644
293924
293870
294116
293674
293765
294251
293768
294210
293972
294102
293898
294146
293822
293603
293846
294159
294256
293797
294000
294181
293785
294045
293932
294248
294215
294263
294071
294303
293843
294212
293866
294083
293666
294196
294096
294195
293806
294208
294265
294027
293809
293940
293967
294079
294239
293911
294156
293930
293815
294047
294103
294219
293974
293670
294299
294022
294063
294112
293876
294138
293812
293848
294225
294043
294212
293741
293903
293951
294159
294190
293981
293877
293904
294199
294243
293989
294194
293976
293807
293861
293681
294084
293883
293729
294144
294206
294075
293907
293702
293851
293716
293929
294150
293993
294045
293740
294329
293837
294124
294059
294029
293917
293862
294269
293843
293988
294206
294080
294204
294099
294244
293710
294047
293934
293685
294205
293719
294030
293870
293898
294169
294082
293679
293636
294210
293897
294208
293725
293970
293980
294264
294064
294159
294177
293891
294236
294263
294168
293809
293889
294051
294254
294183
293717
293828
294232
294173
294069
294228
293843
293844
293740
293704
293753
293910
293891
294032
293736
294250
293972
293784
294254
294047
294055
294236
294182
293907
294243
293725
293843
294269
294214
294192
293830
293751
293743
294247
294136
294132
294045
293918
294190
294183
294195
294067
294130
294149
293660
294166
294007
294025
294110
293773
294014
293821
294261
294031
293850
294245
294230
294106
294169
294122
293994
294276
293791
293799
293882
293925
293877
293882
293933
294144
294233
294006
294122
294235
293861
293925
293820
293870
294194
293835
293984
293992
293850
293757
294027
294060
294233
293951
293757
294232
293694
293807
294079
293916
294070
293856
293996
294198
294066
294044
294145
294243
293786
293836
294289
294182
293869
294021
294080
294065
293909
294255
294033
294124
294287
293797
294087
294133
294191
294075
294035
294147
293660
294190
294067
294258
293903
293764
294248
294102
294235
293732
294110
293999
293950
294272
293801
294031
293847
294106
294101
294161
293800
293938
293922
294288
293768
293839
294200
293940
293778
293640
293656
293979
294041
293831
293982
293844
294026
294259
293997
294051
293790
293728
293740
293927
294109
293592
293759
293959
294232
293974
294135
294084
294007
293999
294113
294180
293789
293937
293734
293978
294010
293798
293849
293635
294141
293856
294192
294057
293780
294118
294086
294123
294075
294110
294132
294119
293923
294179
294123
294078
294232
294203
293723
293992
294074
293825
294248
293783
293783
294282
293866
294173
293880
293842
293918
294110
294188
294220
293832
294169
294044
293817
294119
293971
293711
293884
294076
293925
294013
293837
293718
294116
294222
294239
293739
293955
293906
294100
293756
294098
294105
294116
293838
294299
293900
294205
293756
294253
294207
294053
293991
293762
294190
293778
294134
293805
293870
294030
294250
293979
294071
294253
294000
293970
294204
294323
294066
294008
293923
294075
294183
293911
293901
294186
294103
294180
293959
294090
293937
293838
293920
293858
293801
293683
294139
294014
294272
293852
293804
294126
293813
293621
293884
293895
293674
294224
294252
294218
293784
293642
293780
294018
293961
294025
294203
293656
293678
294290
293832
294120
293969
293851
294202
293763
293876
293740
293937
293963
294253
294059
294095
293950
293988
293683
294186
293932
294024
293796
294010
294297
294240
293813
294260
294012
293728
293833
294187
294272
293630
294079
294121
293790
294224
294198
294024
294222
294012
294241
294159
293975
294029
293774
294168
293899
294115
293916
294215
293842
293871
293725
294162
294084
294150
294005
294006
293998
293579
294219
293880
294022
293964
294166
293823
293961
294067
293707
293976
294041
293876
294231
294255
293812
293997
293992
294168
293935
294080
294110
294042
294316
293899
293821
293999
294112
294008
293969
294097
294111
293927
293684
293670
293787
294117
293817
293851
294013
293760
294279
294236
294108
293985
294073
293866
293921
294283
294077
294212
293929
293912
293854
293664
293768
294064
294038
294172
293904
293646
294261
293608
294255
294059
293847
293732
294090
294264
294057
294077
294191
294184
294192
294300
293999
293839
294017
293759
294159
293787
293909
293863
293858
293985
294164
294123
294160
294170
293772
293894
293637
294107
294208
294125
293748
294161
293875
294272
293807
294116
293821
293668
294026
294209
294172
294015
293843
294199
293846
294135
294118
293885
294175
294028
294220
294225
294245
294115
293919
294209
294255
294216
294235
294247
293563
294053
294119
294191
293987
293875
293707
293879
293947
294037
293792
294042
294023
294103
293864
293761
294141
293824
293722
294246
294257
294247
293788
293852
294056
294021
294003
293808
294226
294001
293655
294094
293924
294157
294077
294115
293841
294265
294200
294215
294189
293681
293765
294178
294176
293965
293900
293881
294138
294098
293685
293990
293637
294016
293937
294059
293923
294264
293928
293657
294146
294029
294094
293848
294230
294079
294069
293911
293803
293648
293961
293641
294079
294027
293644
294265
293830
294140
294181
294110
293925
294292
293708
294279
294055
294114
294202
294113
293770
293880
294029
294137
294320
293981
294088
294082
293887
293675
294189
294099
294199
293878
293746
294144
293894
294055
293748
293605
293971
293834
294316
293926
293828
293806
293953
293826
293990
294078
293838
293972
294003
294007
294075
293748
294281
293793
294271
293807
293902
294162
293765
294151
294278
294247
294235
293612
294061
294247
293892
293998
294270
293859
293637
293670
293924
294173
294276
293857
294248
294063
294275
293773
293875
293829
293847
293900
294199
294155
293983
294222
294184
294279
293810
293819
294123
294297
294129
294142
294325
293935
293850
293912
294177
294248
294280
294170
293781
293779
294042
293992
294237
293952
293843
294257
294099
293981
294294
293599
293978
294105
294093
294254
294116
293997
294132
293858
294126
293701
294095
293761
293871
293775
293972
293923
294204
293769
293786
294167
293985
293846
293938
293892
294027
293868
294044
294084
294014
293842
294185
294061
293976
293807
294101
294055
293857
294210
293866
294259
294265
293977
294221
294262
294124
294259
293974
294031
293825
294087
294145
294271
294223
293861
294186
294021
294275
293775
294180
293880
293859
294110
293871
294044
293987
294132
293928
293765
293928
294212
293877
293886
294263
294062
294208
293972
294260
293755
294136
294080
293957
294311
294305
293930
294031
294146
294074
294273
294238
294028
293831
293958
294055
294245
293793
293903
293983
294187
293797
293940
294145
293874
294245
293619
293937
294161
294227
293791
294139
294085
293858
294213
293970
294260
294126
294180
293962
294130
293990
294095
293970
294070
293950
293828
294178
293856
294248
294135
293763
293672
294045
293707
294161
294257
293890
294052
293920
293740
293994
293975
293767
293983
294219
294105
293822
294080
294196
294188
294009
294197
294119
293967
294186
293879
293989
294246
294128
293817
294064
294223
293729
294065
294013
293802
293772
293702
294307
294009
293913
293871
294219
294148
293803
293930
294278
294163
294109
293768
294200
294144
294179
294081
293680
293737
293974
294062
294182
294147
293853
294218
294193
294006
294248
294186
294235
294036
294100
294190
293960
293976
294178
294235
294196
293946
294120
293872
294079
293904
294019
293946
294080
294084
294176
294138
294086
293755
293864
294049
294249
293809
293651
293880
294077
293984
294032
294179
293684
293760
293962
293944
294100
294155
293812
293634
294119
293788
293861
293951
294168
293762
293783
294143
294072
294100
293597
293758
294048
294214
293959
293924
294022
293978
294076
294128
294082
294075
293608
293967
294011
293751
294244
294158
293976
294200
294167
294248
293963
293686
293813
294240
293971
293705
294083
293969
293796
294120
294112
294085
293743
294153
294022
294183
294211
293803
294222
293826
293828
294266
293823
293763
294004
294219
294175
294169
293804
294248
293749
293890
293860
294180
294234
294058
293836
293844
293934
294215
293979
293759
294091
294218
293688
294059
293934
294172
294194
294305
294079
293966
293597
293960
294096
294189
293999
294199
294152
294228
293919
294244
294130
294214
293755
293742
294063
294217
294195
294172
294099
294065
294169
294030
294222
293894
294056
293999
294051
293861
294264
293745
294187
294115
294061
294093
294254
294237
293787
293979
294034
294010
293753
294076
293930
294112
293676
293783
294029
293755
294049
294047
294080
293895
293780
294112
293755
294063
293714
293754
293773
293895
294138
293956
294003
293975
294073
293724
294314
294117
294190
294048
294203
293841
294217
294274
294110
293751
294084
293865
293681
293905
293781
293991
293946
294098
294090
293956
293935
294099
294019
293733
293951
293935
293978
293811
293946
293801
293951
293648
294189
293672
293683
293950
293585
294303
294286
293836
293819
294104
293995
294057
293830
294135
294257
293571
293920
293737
294222
294241
293807
293723
293834
293776
293900
294045
294129
294097
294008
293630
293818
293911
294039
294250
294251
293723
293955
294188
294138
294191
293894
293756
293783
293800
293713
294033
294066
294188
293967
294300
293900
294313
293884
294226
294017
293683
293729
293729
294255
293657
294101
293988
294173
294266
293950
294037
293583
294031
294240
293973
294193
294258
293842
293577
293574
294184
293700
293890
294230
294145
294179
294252
294239
294114
293781
293922
294209
293853
294100
293863
294162
293974
293921
294085
293986
294013
294291
293891
294125
293781
293956
294280
294231
294145
293810
293943
293995
294233
293621
293760
293853
293987
293963
293876
293849
293920
293991
294166
293769
294123
294188
294007
294151
293838
294122
293990
294173
294070
294050
293887
293937
294044
293930
294077
293985
293818
294121
294194
294150
294300
293906
294132
293922
294072
294023
293784
293900
293864
294101
293992
294251
293936
293912
293930
293659
294063
293907
294309
293769
294149
293702
293919
294204
293655
293973
294071
294235
294149
293586
293894
293977
294093
294051
294196
294152
293943
294048
294020
293982
293802
293708
294181
294126
294046
293960
294004
294140
294025
294006
293993
294226
293836
293932
294199
293911
293909
293912
293928
294114
293820
293739
293885
293871
294116
294215
293694
293924
294261
293938
293664
294184
294174
294104
294075
293995
293795
293771
294083
293745
294156
293712
293715
294228
294166
294254
293966
294192
294103
294135
293747
294076
293729
294078
294077
293899
293978
293995
294055
294026
293899
293944
293666
294079
293899
293861
293947
294205
293796
294307
294029
294209
293882
293934
293946
294014
293611
293952
294070
294159
293931
293852
294121
293979
294130
293696
293949
294071
293983
293630
294202
293970
293911
294007
293678
293895
293995
293940
294136
294078
293799
293873
293947
294226
293788
294222
294238
293902
293591
294110
294011
293772
293649
293825
293974
294008
294262
293747
293998
294209
294126
294066
293795
294006
294186
294148
294230
293759
294190
294107
294133
294239
294205
294211
294088
293738
293767
294198
294200
293765
293796
293858
294290
294131
294162
294035
293679
294078
294159
294171
294180
293933
293973
293713
294074
293976
293972
294195
294123
293881
293867
293911
293807
294202
293964
293858
293940
294174
293857
294154
293753
293690
294263
294171
294237
293568
293969
294329
294179
293642
293703
294266
293897
293950
293840
293950
293788
293664
293849
294018
293637
294165
294083
293901
294313
294196
293945
294021
293990
294108
294010
294175
294103
293864
294075
294014
294123
294074
293626
294125
294275
294285
294132
294130
293945
294124
293973
294237
294027
294030
294195
294077
293941
294225
293951
294037
294225
294031
294010
294006
293792
294304
293664
294079
293776
293801
294151
293890
293847
294048
294010
294206
294307
293688
294144
293976
294225
293658
294268
294209
294187
294269
294209
293833
294207
294167
294078
294207
293797
294016
294231
294013
293929
294261
294038
293776
293804
293859
294153
293845
293679
294217
293931
294126
294155
294088
293668
293984
294027
293933
294164
294228
294147
294224
294140
294029
293836
294086
293656
293741
294017
293869
293698
294228
293821
294083
293726
294145
293991
294193
294249
293840
294021
294274
293866
294078
294022
293929
294002
293814
294038
294243
294056
294190
294100
293924
294151
293996
293899
293629
293957
293928
294249
293872
293851
294218
294135
294025
294315
294060
294047
294108
294082
293897
293742
294218
294222
293954
294189
294037
294229
293754
293927
293898
294247
293662
293938
294265
294252
294122
294218
294032
293904
294237
294250
293743
294241
293863
293946
293757
294213
294221
293847
293940
294216
293898
293901
293836
294232
294039
294036
294281
294109
294134
294190
294255
293887
294011
294029
293801
294031
294248
294167
294232
293749
293794
294065
294011
294003
293963
294030
293571
293815
294030
294303
294303
294039
293686
294163
293917
294257
293797
293975
293772
293717
294030
293837
294301
293792
294091
293897
293771
294217
294132
294146
293847
293891
293977
294188
294223
293728
293970
294093
294009
293923
293660
293786
294109
293900
293976
293951
294167
294019
294119
294194
293819
294172
293839
294214
294001
293914
293810
293797
294098
293835
293980
293894
294219
294144
294071
294241
294123
293959
293906
293976
294138
293756
293752
294142
293960
294125
293885
294229
293911
294041
294200
294210
294018
293887
294117
293745
294205
293683
294054
294144
293908
293907
294131
293790
294018
293970
293894
294190
293686
294203
294214
294120
294247
293823
293873
294073
293897
293693
293691
293929
294021
294099
293922
294151
293707
294245
294269
293963
293931
293895
293933
294194
294225
293946
293655
294227
294045
294264
293876
293884
294207
293970
294098
294207
293710
294172
293741
294247
294092
294326
294205
294231
293952
293974
294223
294190
294199
294054
293942
294033
293801
293873
293827
294133
294147
294051
293724
294093
293776
293891
294206
293801
294103
293869
294281
294185
294281
294134
294208
293734
293839
293781
293767
294014
294146
293690
293712
294089
294178
293922
294141
294178
294197
294196
294043
294069
294177
294190
294225
294283
294002
294113
293679
293857
294127
293707
293708
294196
294115
293950
293885
294020
294097
294240
294219
293913
294273
294116
294059
293936
294120
294219
294238
293970
293772
294299
294041
293818
294129
293903
293947
294018
294242
293967
293759
294210
293861
294149
293604
294181
293943
294123
294043
294082
294099
294106
294038
293730
294036
293738
294144
294280
294099
294208
293927
294216
294298
294002
294186
294206
293916
294075
293991
293952
293789
294148
294272
294249
294128
294110
294006
294241
294254
294166
293846
293762
294107
293979
294083
294208
293974
294063
293761
294247
294279
294130
294070
293983
293923
294061
294263
293863
293822
293765
294186
293788
294169
294275
293966
293789
294099
293749
293779
293831
294281
293912
293967
294070
294204
293887
294051
293814
294286
293725
293902
293979
294001
294162
293796
293987
294223
294230
294211
293721
293717
293716
293997
294221
293872
293868
294017
293962
293888
294153
293891
294062
293969
293980
294129
294035
293896
294146
294002
294193
293866
293799
294063
293742
293940
293688
294242
293831
294282
294195
293876
293771
294239
294002
294212
294149
293946
294258
293981
294135
293880
293975
293640
294088
293980
293764
293963
293817
294203
293805
293944
293940
294065
293689
293996
293746
294070
294243
293748
294059
294078
293865
293878
293977
294113
294051
293697
294245
294216
293655
294205
294197
294135
294292
294063
294033
293971
293811
294186
293826
294174
293654
294163
294205
293985
294143
293959
293669
293831
294208
294005
293878
294062
294302
294302
294228
294239
294178
294041
293787
294078
294030
294052
293815
294075
293809
294050
294155
293760
294220
294203
294298
293718
294122
293884
294245
293839
293744
293948
294175
294143
294150
293607
293900
294014
294207
294120
294001
293865
294047
293968
294257
293820
294244
293972
294251
293608
294135
294168
293701
294048
293847
293723
293969
294293
294003
294051
294013
293754
294196
293948
293855
293780
293786
294047
294081
293906
294131
294234
293830
293646
294149
294233
294061
293704
294082
294010
293975
294149
294228
293918
294226
293925
294045
293929
294086
294010
293848
294104
294265
293697
294178
293672
294199
294207
293786
293742
294043
293756
293892
293865
294266
294300
294124
294128
293784
293855
294192
294034
294235
293877
293819
293953
294157
293765
293954
293865
294226
293953
293935
294262
293646
293804
294160
293853
294282
293899
293961
293925
294189
294129
294264
293922
293959
294154
294243
294076
293935
294115
294120
294204
293785
294303
294132
293866
294321
294096
293827
293879
294291
294107
294207
294119
294123
293994
294043
294065
293946
293799
294125
294068
293858
293873
294203
293872
294180
294221
293858
294231
294173
294274
293983
294056
294017
294073
294057
294271
293849
294270
294236
293803
293906
294135
294100
293922
294084
293863
293860
294004
294074
294261
294199
294154
294166
294226
294124
294021
294281
293852
294244
293952
294257
293730
294281
293870
294234
294051
293775
293926
293960
294017
293913
294021
293697
293897
293737
293711
293985
294024
293791
293996
293925
294051
294074
294098
294036
293992
294111
294077
294182
294248
293879
293915
294016
294005
294184
294077
293582
294091
294069
293929
294103
293810
294094
294100
293979
294032
294159
293990
294278
294066
293608
293915
293954
294125
294275
294290
293726
293854
294245
294028
293658
293773
294266
293841
294135
293937
293955
293812
294172
294090
294273
293846
294097
294215
294207
293743
293677
294208
294313
293644
294071
293664
293774
293780
293843
294019
294259
293807
293670
293668
294190
293927
294190
294042
293952
294229
293921
294107
294233
294155
293789
293947
293819
293942
294263
294034
293876
293786
294142
294043
293998
294136
293876
294266
293865
294210
293751
294126
294202
293971
293997
293963
294117
294068
294100
294004
294302
293873
293877
293703
294224
294059
293879
294110
294209
293908
294002
293986
294089
294264
293906
294104
294083
294321
294065
294080
294042
293654
294227
294094
294303
294271
294253
293823
294045
293875
294059
293770
294238
293688
293952
294164
294020
293903
293753
293915
293885
294122
294155
293955
293782
294319
294002
293829
293837
293944
294046
293822
293776
293820
294297
293989
293877
294058
294126
293952
294079
294109
294252
294173
293797
293722
294066
293843
294204
293829
293910
294017
294051
293748
294086
294181
293795
293964
294023
294049
294147
294170
293886
293898
294041
294164
293878
294292
293994
294049
293964
294208
294294
293764
294169
293905
294214
294011
294174
294100
294104
293752
294231
293572
293788
294140
294063
294288
294265
294164
293941
294254
294043
293966
294104
293848
294264
293856
293683
294042
293806
294121
294023
294112
293847
294227
294135
294253
293933
294149
293988
293803
294064
294084
293931
293817
294182
293734
293986
294191
294306
294207
293802
294247
293912
293619
293868
293903
293691
294092
294218
294025
293625
294034
294143
293620
294073
293977
294106
293781
294174
294017
293750
293940
293687
294085
294023
294101
294196
294268
294288
293742
293921
294198
293798
294231
294203
294148
294287
293776
293823
293827
293676
294223
293959
293866
293791
294149
294211
294071
293972
294172
294309
294265
293758
294238
294143
294082
294090
294282
294072
293743
294077
293817
293863
294303
293776
293841
293778
294119
294022
294094
294279
293869
294187
294075
293927
294133
294164
293771
293749
293845
294068
293861
294180
293874
294060
293746
294138
293720
294204
293831
294284
293673
293897
293751
293986
294006
294054
293854
294085
294076
293838
293976
294126
294254
293949
293897
294173
293833
293807
294155
294150
294118
294201
293937
294102
293877
293851
294067
294276
293765
294060
294273
293636
294102
294046
294162
293858
294033
294018
294231
294053
293842
294218
293969
294117
294201
294179
293783
294108
294163
294162
294309
294005
293673
294071
293910
293831
294213
293911
294178
294007
294042
294188
294214
294105
293890
294114
294125
294118
294232
293920
294143
293896
294144
294136
294123
294221
293799
293828
293707
293703
293649
294049
293720
293684
294179
293859
293722
294157
293928
294209
293995
294222
294204
294153
294118
293991
293784
293805
294237
293967
294031
293730
293807
294260
293967
293818
293603
294154
293765
294032
293787
293625
293861
293740
294262
293775
293874
293873
294277
293903
293682
294182
293941
293872
294132
294094
293911
294304
294225
294028
294191
294154
294134
294259
293852
294130
294259
293800
293767
293862
294145
294043
293906
293948
293598
294053
294273
293974
293985
293944
293852
293835
293875
293804
294057
293839
293828
293875
293735
293921
294193
294107
294171
294179
294249
294195
293936
294032
293841
294123
294084
294037
293990
293969
293888
294313
293750
294034
294217
294183
294065
294289
293940
294143
294135
294284
293791
294206
294079
293865
294176
294195
294165
293765
293986
294122
294238
293763
294081
293789
294109
294219
293908
294207
293802
294134
294133
293878
293686
294123
293822
294203
293908
294167
293732
294227
293983
293948
294187
294151
294158
294193
293716
294068
294090
293736
294158
293876
294209
293773
294313
293836
293969
294114
293816
294117
293935
293820
293719
294165
294196
293835
294229
293822
294229
294229
294095
293790
293929
294290
293806
293682
294228
293977
294268
293851
294123
293836
294162
294251
294070
294195
293823
294275
293981
294223
294045
294244
294049
293754
294073
294143
294211
293952
294027
293880
294239
294127
293743
294258
293832
293915
294092
294163
293868
294268
293745
294062
294028
294136
294154
294093
293973
293802
293848
294174
293889
294150
294190
294231
293800
294163
293709
294082
293690
294235
293900
293809
294286
293762
294092
293851
293917
294241
294299
293707
294027
294053
293811
293785
293792
294005
293849
293826
294034
293939
294037
294252
294227
294211
293860
294226
294287
293749
293955
294038
294115
294176
294188
294180
293720
293965
293971
294056
293833
293982
293798
294308
294286
293986
294247
293951
293943
293790
293961
293867
293978
293937
293985
293901
293808
294246
294302
293891
293823
293896
293656
293942
294071
294244
293706
293932
294252
293966
294214
293874
294079
294286
294322
294114
294045
293991
294045
294069
294228
294253
294075
294220
293902
294221
294208
294103
293889
293688
294190
294112
294119
293758
293841
294200
293737
293893
293609
293829
294105
294124
293914
294038
294001
293913
294247
293866
294179
293815
293972
294143
294002
293779
294047
294170
294199
293988
294028
294051
293982
294052
294177
294016
294018
294160
294108
293956
294246
294081
293718
293668
294012
293980
293759
294228
294049
293865
293938
294123
293787
293702
294044
294028
293866
293899
293822
294171
293586
293988
294175
294215
293866
294133
294117
293754
294258
293764
294087
293818
293874
294141
294269
294054
294265
294156
294045
293859
293874
293758
294292
293809
293793
294293
293904
293628
293981
293828
294077
294021
293779
294198
293760
294066
294178
294238
294304
293885
294114
294068
293934
294108
293672
294051
294297
294105
294207
294003
293926
294044
294131
293763
294156
294274
294126
293860
294155
294229
294231
294055
294077
293766
293807
294008
294089
293699
293774
294057
293845
294250
294309
293786
294216
294178
293798
293685
293935
294086
294077
294125
294268
294096
294049
294043
294140
294287
294198
293939
293937
293875
293901
294222
294277
293962
294194
294062
294163
293784
293759
293721
293907
294178
293656
293942
293824
293746
293868
293838
293957
293922
293919
294216
294216
293810
293824
294013
294059
294039
294314
293902
294289
294085
293968
293959
293605
293742
294098
294258
293792
293840
294007
294094
294235
294065
293822
294126
294133
294242
294132
294182
293724
294074
293925
293807
294212
294034
294307
294247
293929
294151
293633
293833
294022
293873
293960
294152
294061
293872
293963
293967
293847
294077
293866
294190
294013
294202
294010
294276
293809
293906
294053
293730
293990
293863
293996
293942
294154
294252
294236
294226
294056
293762
294132
293902
294311
294262
293857
294062
293817
294040
293961
294235
293941
294197
294250
293795
293846
293988
293760
293881
293769
294300
293984
293987
293937
293945
293722
294175
294224
294295
293936
293827
294021
293775
294145
293721
293770
294058
293691
294082
294138
294183
293904
294211
293829
293948
294151
294251
294285
294108
294066
294245
293943
294171
293968
294193
294028
293951
294143
293891
294096
293726
293727
294144
294257
294228
294144
294143
293897
294068
294103
293877
293860
294070
294229
294300
294246
294036
294143
293729
294027
294209
294252
293761
293930
293890
294086
293722
293952
294188
294204
293854
293865
293955
294326
294022
293588
294009
293777
293821
293885
294216
294051
294208
294078
293797
293720
293787
294000
294061
293882
294128
294129
293845
294265
294054
293783
293841
294036
293947
293933
293836
293965
294238
293828
294143
293801
293709
294032
293921
294241
293691
293844
294012
293650
294285
293819
293999
294283
294311
293908
293849
294083
294029
293777
294129
294240
294037
294065
293986
293836
293911
294049
294176
293670
293814
293896
293897
293988
294134
293989
294089
293920
294130
294058
294281
294008
294286
294086
294180
293900
294209
294162
293642
294120
294193
293849
293970
294286
294225
294028
293993
294139
294129
294075
293716
294171
294052
293751
294095
293978
293971
294088
293970
293720
293686
293997
293735
293829
294191
293738
294269
294031
293896
294200
293777
294290
293899
293971
293945
293769
293788
293895
294094
293921
294101
293931
294109
294072
294125
293870
293943
293944
294083
294234
294027
294106
294197
294150
294112
294058
294252
294188
294143
294142
293764
294061
294165
294288
293984
294268
293940
294316
293847
294101
294005
294077
293671
294139
294195
293872
294030
294101
294149
294194
293818
293830
293982
293850
294164
293927
294229
294241
294023
293921
293951
293837
293804
294287
293973
293743
293754
294259
294075
294181
293746
293987
293915
293914
294199
293856
294185
294103
294137
294021
293697
294194
294047
294092
294246
294069
294077
294113
294122
293874
