291526
294416
294719
298993
291437
291811
294199
291477
294130
294205
291599
291546
293718
292372
292133
293247
294388
291222
291876
293559
291288
293854
294157
291336
291803
291457
291323
291557
293479
293157
293770
291266
293325
292184
291806
291548
291275
292055
291450
293798
291934
291446
291727
291437
291329
292031
291496
292664
291462
292271
291437
292653
293783
291535
291462
291470
293137
291316
293297
293424
296169
291464
291504
291294
291945
291270
293383
291212
291220
291194
291436
291493
291596
292429
291186
291313
292091
291410
291655
293666
291328
291404
291327
291577
291536
291540
292651
291615
291541
291328
294048
291322
291481
291590
292994
291493
292343
293197
291351
297432
291554
293574
291901
291734
291414
291282
291331
291371
291555
291245
293437
296667
291518
292899
291361
291357
291488
291575
291434
293506
293301
292164
291486
291346
291474
291546
291409
291521
291383
291367
293091
293037
291462
293746
294006
292431
291536
296236
291444
291553
291431
291179
292508
291141
291490
291341
294312
291336
291303
292138
291338
291381
291352
294025
291309
291353
296816
293135
291295
291407
294151
291243
294265
291824
295816
293760
291514
291355
291367
294149
295542
292364
292857
291367
291383
293002
291552
294006
291169
293830
292581
291508
291540
293447
293547
294098
293455
291400
293371
291591
293218
295217
294092
293561
294272
291266
291313
291279
291546
292980
291380
291374
294156
291335
294053
297700
291576
291396
291403
291467
292443
292263
291796
293870
293001
291404
294426
291415
291329
293128
292084
294015
291308
291483
294052
293185
294328
291428
291440
292639
291213
291518
291765
292940
292733
291349
293591
291530
293136
293513
293311
291542
291589
293007
291458
293263
293243
291571
291454
291328
291230
291343
291999
291278
291405
291508
292579
293987
291568
291490
294211
291421
291438
293201
291372
293801
293977
291856
291528
291395
291547
291297
291230
291278
291435
291266
291511
291156
292752
291505
291390
293321
291323
292454
291857
291266
291324
291410
291313
292627
291254
293242
291467
291551
291583
291591
291439
291448
291463
291402
291513
291337
291291
291311
292951
291388
291491
291528
291402
294735
293819
292386
291347
297808
291426
295795
291542
291577
291346
293722
291575
291506
291552
293149
293241
291554
291330
291475
291548
293788
291455
291760
293813
291524
291704
291441
292512
295302
293981
291569
292719
291530
294898
291547
291776
291465
292192
294485
293819
291329
291382
293311
291527
293569
291315
291346
291347
291325
293055
293300
291998
291380
293499
297166
291352
294103
293164
293295
291748
291384
293776
291579
291974
291477
291566
291375
291510
292951
291418
291285
294245
292804
291547
291479
291516
291367
291228
291403
291230
291448
291359
292269
293798
291756
291580
291527
294318
291389
291318
291476
291591
294035
293184
292058
291316
291282
291340
292015
291233
291535
292990
292863
293235
291407
291400
293384
292868
291145
291534
291297
291285
291422
291396
291403
291256
291272
294137
291570
292258
291416
291358
296120
292991
291576
293605
291346
293660
291476
292910
291492
294337
294623
292810
292596
291513
293577
291430
291485
292977
291287
293017
291118
292749
294074
291577
291341
291512
291564
291578
291387
291171
292986
291475
291315
291327
291449
291438
297866
291521
291507
292628
291408
291533
293681
291555
291559
291229
291490
291376
291545
293961
291565
291457
293107
291480
291217
291234
293665
291513
291421
291564
292812
299063
292039
293460
291448
291868
296260
293736
296069
291386
291569
296965
291364
291176
293173
291293
291242
291397
291923
293942
291260
293409
292642
294299
291479
291431
291513
291292
293181
293199
292551
291388
291177
291403
291435
291383
295367
291836
291431
291559
291455
291494
293892
291261
291556
292314
291383
291531
291887
291397
291277
291566
293311
291386
291325
296308
294564
293238
291389
293328
293760
293507
293106
291523
291556
294803
291548
291372
292709
291522
293070
291441
293459
292115
291316
291531
291550
291537
295225
292804
291464
291841
292622
292490
292021
291596
291481
291396
291387
293193
291963
291188
292982
291503
291551
291474
293609
291418
293983
292722
291563
297980
294289
291208
291474
293203
293778
291387
291322
298258
294094
293011
293607
291411
293845
291457
291556
291299
291479
291341
291314
293674
292536
291496
292197
291494
291341
295672
291537
296787
292071
292105
291169
291491
291381
293594
291338
291360
291238
291274
291461
291803
292506
293149
293275
291411
291492
291440
292112
291829
291364
293228
295769
291556
291519
291573
294088
292190
291289
291450
292738
291663
291531
291276
291581
291401
294187
291506
293115
297917
291445
291460
291828
293292
293712
291364
291637
291451
291421
292286
291435
291373
292392
294195
294614
291546
292042
292622
291600
291929
293656
292269
291526
292103
291378
293806
291580
291474
291254
291199
291403
291509
291319
291368
292198
291228
291474
291583
291463
291441
291487
293901
291434
294055
293620
291401
291565
291938
291269
291356
292986
291996
291413
294292
294140
291348
291397
291564
293834
291553
295120
291751
291279
291566
293496
291488
292924
291434
294007
291380
291238
291432
291414
291409
292277
293258
294294
291567
293094
291567
293982
291355
293043
291506
291269
291519
291592
291168
292415
291395
291435
293412
296929
292344
291376
291244
291535
296984
291751
291468
291512
291443
291548
291475
291585
292600
291445
291808
291940
293983
291358
293290
291707
291400
291383
296332
292379
294205
292692
294252
291506
291512
292492
292884
291597
292590
291531
292536
291491
291596
291433
292422
291995
291416
293606
291511
291564
294194
291444
291539
291586
297070
293020
293971
292548
293763
291532
293182
291531
295398
291512
291384
294106
291465
291316
291176
294186
292920
291536
293504
294152
291554
292742
294163
291379
291539
291656
291568
293225
291354
291569
291341
293895
291452
292483
292345
291657
291379
291531
291348
293991
291538
291536
291392
291471
291509
291284
291304
294370
291795
293338
291378
291453
293352
297012
291732
291408
293746
291567
296947
291327
291300
294223
293091
291427
294021
292952
291510
292450
291640
291325
291388
291328
291669
293253
291485
291331
291463
292130
293746
293110
291552
291420
291886
291438
291338
292260
291444
291568
291360
291559
291503
291373
292079
291378
292264
292563
291230
295581
291849
291528
291452
291264
292227
291362
294048
295344
295429
291545
296663
291457
298003
291419
291484
292265
291363
291407
291423
291575
297494
293995
291542
291348
291269
291543
291494
291524
295574
291552
293921
291513
291860
292495
291245
293486
292135
291470
295470
293274
291389
291283
291247
291248
292216
293816
291301
291229
292097
294137
294769
293989
291346
291435
291459
291431
294170
298860
291536
294030
291358
291570
292636
291754
291180
293342
291427
291329
291455
291294
291333
293039
293409
293135
295420
291335
291469
291782
291441
291394
291313
292085
291484
294433
291471
293237
294010
293892
292739
291428
291525
291308
292004
293763
291513
294321
292499
291323
291282
295429
291524
291257
297546
291282
293452
295028
293477
291281
293572
293192
291560
293215
291215
291375
292957
293263
294123
291330
293769
293056
291175
293114
291432
291348
291395
291352
291404
293971
294300
293375
294701
291460
291476
291446
291538
291575
291278
293238
291496
291514
294235
291907
294271
291412
292605
291331
291552
293191
291584
291518
291381
291479
291232
291392
293124
295160
291456
291427
298164
291379
291230
291554
291898
291287
291526
291368
291544
291528
291234
291971
291358
291548
291815
293252
293903
293721
291196
291572
291550
293069
291461
291562
291525
293755
293468
294084
294113
291217
291584
291395
291442
294076
292489
291576
291216
291505
291538
292683
296621
292928
292332
291528
291469
294173
291327
293187
291372
291363
294949
291224
291240
291397
291757
291520
291707
293231
291275
293256
291418
291412
291502
294589
292655
293153
293221
291545
291236
291351
294734
293214
292267
292527
291553
291275
291559
292626
291699
291957
291389
293106
295612
291575
291500
291572
291443
292914
297105
291606
292518
293323
291445
291366
291382
293190
291457
295156
292319
295088
291428
292789
292947
291352
293327
291224
298992
291213
291316
291406
291267
291447
294308
291711
291534
293627
292438
291351
293244
291449
291577
294198
291559
291547
291328
291405
291398
291520
291430
293593
292490
292366
291840
291467
291348
294100
292779
296696
291378
291480
291479
294255
291276
291469
291989
291449
291574
291537
291463
291471
291204
291489
291379
291490
294025
292902
291384
291309
291447
291551
291272
294364
293206
293232
293787
292064
293410
291302
294397
291400
291396
291227
291906
291337
293616
292201
295573
291289
291313
291548
291925
291463
291450
291443
291516
297941
291563
293305
291546
291300
291475
293873
291369
291418
292429
291579
293706
291475
291488
293273
291578
292937
291330
293615
291510
291339
291336
294209
293194
291214
292135
294776
291436
294376
293000
292114
291498
291469
291362
291318
291807
293861
291248
291530
292447
291399
291394
291806
292489
291264
293657
291191
291915
291452
293626
292212
292690
297818
291358
291526
295192
292739
293142
291454
291492
291364
295215
291308
291544
293251
291193
291342
291402
291318
291326
291554
294508
291284
291240
292205
293277
295170
291449
291284
291209
293852
293339
293874
293368
293330
291334
291437
291564
291500
295323
291393
292757
293175
291344
296683
291323
293140
291369
292154
291371
291558
291216
291386
293254
293205
293354
291557
291314
291406
291550
295857
291520
291534
294038
291163
292917
294407
293262
291586
291172
293106
294105
291508
291451
293895
291304
291485
291519
291337
292593
294104
294201
291351
292171
295696
291485
292999
291310
292328
292856
292078
291507
291270
292615
291458
291213
294173
291274
291522
292650
292687
291518
291523
293937
294562
294479
291341
292398
292463
291497
293227
291433
291281
291270
293676
299209
294942
291758
291335
291411
291458
291564
292905
294088
291390
294152
293329
291587
291495
293220
291429
291394
293094
292660
291328
291470
291411
294203
291575
291379
291159
291386
291394
294085
291519
291288
291728
291450
292538
293228
293011
292014
293536
291349
291429
291228
293137
291296
291406
291301
292453
291397
291548
291422
293242
292508
291406
291516
291387
291173
292983
293051
293163
291559
291473
293804
291434
291336
293147
292876
291417
293277
293200
291578
292670
294278
291472
294340
291409
291499
291362
291392
291429
291406
291538
292878
292970
291337
292156
291316
291953
291521
292092
291263
291509
291310
291329
291594
292914
291394
291556
292652
291675
291575
291458
291335
291493
291450
291171
293721
291702
291624
293209
295870
291555
297574
291695
291553
291548
291475
291743
291219
291290
291543
293738
294180
294401
297933
291474
291278
291444
291581
291434
291523
294037
291754
292671
292705
291509
291379
291429
291435
291353
294403
291241
291398
292965
291566
291494
292137
293153
293031
292448
293379
293192
291425
291306
291573
291475
294508
291424
291322
294004
291586
291210
291500
293227
291629
291334
291545
291368
291436
293716
292563
292574
291522
291428
291551
291418
291461
291591
291505
291291
291514
291413
291506
291470
291352
291338
293920
293924
293369
291409
298065
291353
291392
291427
291515
291342
291795
291352
291467
292195
293446
291323
291331
291354
294001
291495
291839
293493
291579
293406
292885
291538
292028
295363
291218
295680
291253
291857
292835
291487
293298
291361
291367
291227
292104
292730
291465
291483
291328
291480
293371
291432
292127
291353
293705
293327
293967
291334
291205
292450
291406
291470
291196
291534
291229
293171
292019
296829
291584
291324
293897
291342
291409
297989
295855
291372
291235
293971
291466
291544
291266
293399
292305
293135
291496
292687
291213
295861
291242
291396
291576
291288
291592
294456
291415
292963
291562
292832
294759
291568
291348
291379
293030
291413
291523
293179
291591
291443
291339
291349
293235
295211
293657
291409
293810
294895
291508
291375
291393
293625
293102
293850
291380
291425
293801
291292
294475
291806
291787
291411
293831
296121
291441
291317
293247
294228
292742
291410
291281
293775
291522
291596
291556
293295
294291
293355
291884
293267
298764
291395
291511
291552
291426
292117
291533
293761
291393
291273
291450
292507
291571
292285
291470
291588
291321
294224
293589
291514
291357
291465
293542
295564
291749
291249
291507
293548
291422
292057
291290
295056
291393
292375
291511
292608
291222
292021
291304
293260
291407
291311
291379
291378
292484
291531
293855
291264
291412
292828
293740
292666
291412
291426
291519
293136
291193
292869
291313
291122
291282
291362
291401
291510
296216
291219
292900
293938
293368
291577
291567
293786
291353
291325
292370
294053
291278
291302
291335
291548
291181
291298
291493
291369
291298
293336
291371
292882
294788
291506
291525
293069
294286
293293
292194
292096
291299
291630
293110
291455
291554
292810
292970
297877
291386
293815
291462
291528
291539
295531
292067
291521
294404
291413
293245
293474
291503
291548
293332
293289
291207
294373
291538
291234
291564
294201
292605
294043
291294
291474
296570
293574
291433
291432
291485
291371
293771
291254
291297
291441
291288
291292
291430
293274
291487
291448
293793
291475
295959
291335
291345
291527
291517
291506
293124
291304
291247
293131
291391
293336
291470
291464
291723
291425
291234
291543
291493
291358
292137
291364
291561
291836
291352
291376
291598
294171
291265
292272
291210
293245
291353
293137
292561
293280
292875
291402
291550
292247
291449
291534
291448
291496
291489
291453
291186
291462
291575
294176
292957
291410
291568
292058
291347
291834
291750
291791
292129
293370
291334
291295
291431
291229
298271
291371
291468
291499
292895
297553
291270
294265
293142
291345
291866
294406
291921
291397
291360
293563
292303
291569
291527
291482
293431
291354
291524
291181
291365
294315
291594
293187
291280
295177
291379
291266
291371
293451
291487
292157
292548
293298
291310
294082
295476
293707
291490
291486
291462
291262
291305
291306
291256
291377
298424
296617
291577
291519
295951
291490
291441
291345
291495
291457
292889
291579
291331
291345
294144
291428
294211
291551
293183
293119
291597
291467
291470
291563
292492
291557
291579
291310
291241
293848
291285
293259
291842
292384
291587
293180
293631
291274
293165
296218
291388
291335
291376
293780
292196
291261
291508
292562
291602
291770
293761
291309
292436
291387
295016
291481
293315
291463
291401
291254
291618
293885
298249
292983
291555
291350
291373
291921
293061
291399
293808
291586
291393
293265
291489
291504
291562
293959
291427
294790
291470
291333
292464
291486
291538
291404
292303
293446
291294
291440
298886
291172
291385
291586
291430
293796
291431
291710
291526
291495
293423
292403
293339
291644
291287
295289
293253
292805
291505
291250
294197
291355
291481
291280
291397
291567
291417
292203
291674
293981
293971
291155
293142
293733
291328
291496
291409
291527
291571
291404
291567
293286
291584
291310
291469
291468
291276
293162
291415
293956
292569
294937
291417
291575
292195
291482
291344
291758
291339
291323
291560
291442
294086
292798
291266
291454
297668
292374
291320
293591
292197
293302
291494
291935
294744
294922
293143
291462
295825
291457
291438
291288
291285
291822
291542
293263
291474
291318
291582
294011
291249
291390
292444
292968
291989
291508
293833
291475
293145
291394
295744
291373
293775
291548
291550
293555
291518
292373
291470
293921
291284
292525
293940
291480
291223
291461
294032
291437
293568
291398
291344
291231
291396
291592
291589
291412
291578
291368
291161
297235
291309
293225
291426
291348
293163
291769
291471
291289
291362
293485
291355
291407
292751
292756
291494
293413
291221
294409
293832
293610
292429
291573
291366
293574
291530
292770
291596
293011
293464
291344
291445
291556
291149
292342
291466
291384
291539
291274
294228
291409
293873
293978
291113
293239
291386
291493
291504
296861
291257
291380
291280
291521
295775
293191
291338
291557
291353
291676
291499
291322
291531
293540
291515
291382
291570
291209
291474
291771
293973
292414
291248
291352
291493
292678
293056
292810
292578
294052
291581
292751
291482
292010
293855
291536
293133
291553
291292
291432
291618
291805
291371
292998
293750
291371
291401
291470
291579
291469
292468
291644
291380
291481
291670
291453
291325
294873
295456
292323
291250
291460
291542
291236
291537
294282
293420
292165
291549
293054
291454
291535
291317
294989
295018
291749
292958
292276
294879
293395
291429
291696
291362
293221
291850
291954
291351
291563
291532
291455
293795
291332
293298
293097
291528
293840
296414
291348
291488
293054
293548
291431
291275
293141
291557
291392
293830
291228
295299
291529
294058
291352
291412
292034
294615
291362
291523
291944
291416
291564
291424
291366
295660
291566
293409
292508
291481
294675
291201
292217
291892
291527
291221
291362
294126
292498
291322
295366
291579
291474
293378
291461
292117
291534
291699
291500
293239
291558
291336
291459
294302
293392
291337
291521
291397
291532
291530
291439
291413
291380
293556
292372
292171
291390
293266
291514
292555
291562
292498
291429
291429
291543
291545
291526
291404
291707
291183
293850
291336
291393
291497
296738
291491
292755
292341
292136
294371
291750
291559
293336
293492
292997
293135
291376
292613
293111
291412
291512
293618
293835
294137
293296
291462
291539
293928
292799
291227
292397
293731
291464
291389
292748
291475
291368
293203
291462
291293
294274
291499
297155
293308
293531
291419
292573
291279
293273
291323
291665
291470
291501
291518
293192
294170
292097
292152
293719
291439
291457
291418
294146
295895
291868
292919
291392
291316
293031
293395
292973
291846
292708
293126
295215
292451
291523
292123
291847
291442
293875
292824
293672
292748
291560
291770
292360
292764
291567
291890
297188
291480
296513
291392
291417
294253
292991
291584
291441
291438
291319
291327
291544
292749
291555
291351
291317
291272
291526
292179
293184
293235
291595
293928
291578
291686
291400
291443
291778
291359
293067
291475
291439
293143
291724
296212
291546
291605
292308
291550
292215
291338
291253
291570
291440
291525
292867
291339
291399
291551
291445
297773
292969
291555
294730
291401
292833
291395
291567
291374
293987
291892
291294
291473
291588
292196
293109
293191
291542
291321
291534
293252
296412
291333
293345
297515
291546
291395
292224
292920
291506
291582
293310
294872
291857
292202
291173
291440
292175
291197
294302
294360
292025
293126
291314
293725
291330
291645
291459
291552
291842
291471
291555
293628
292853
291552
292563
293503
291470
295377
291568
291361
293078
291235
291431
293294
293161
292551
292686
293241
291970
291180
291568
291303
295628
294257
293139
291292
291392
291643
291358
291556
291187
291522
293974
291162
291549
292090
293098
291296
291494
297054
291260
296485
293016
291366
292567
291982
297712
291291
291436
292359
291393
293680
291402
293146
295624
294021
291467
291317
291514
291277
291327
293064
291460
292548
291724
293264
294154
291543
291401
293747
292765
291277
292279
291366
291471
291394
292690
292707
293271
291467
293939
292585
291509
291228
293721
291476
293343
291322
293371
292775
291310
291330
291164
291503
295969
291347
291533
293254
291400
293143
291474
292208
294236
291460
293926
291293
291464
291331
293870
291430
291503
291259
292159
291302
291497
293592
292445
293244
291545
294078
291164
293208
291388
291164
294009
293277
293719
292944
291274
293310
293364
292415
291292
291229
296925
291579
291465
291558
293211
293098
291434
293352
293622
292997
297185
291532
293127
291357
291862
291391
293667
291482
293168
292123
291492
291317
291448
291159
291512
291484
292329
297417
291467
292251
291403
293179
291455
292199
293728
291350
291887
295852
291517
291227
291234
291806
292305
291471
294127
293602
294572
292147
291311
291508
291279
291235
293676
291280
292421
294334
291550
291350
291311
291544
293444
292098
293247
292108
291310
294214
291586
292885
292793
291577
291386
292406
291136
291122
296197
293706
291378
291341
293122
291565
291443
291342
291683
294639
292301
291515
291506
291565
291372
292948
291415
291552
294791
291355
291456
292364
293447
291443
291188
291494
293898
291356
291370
291193
292717
291431
291508
293486
292249
293515
291302
291569
292745
291586
293566
292876
291387
291884
294318
296554
292877
291484
291552
291382
293770
291503
292156
291571
293985
291529
292688
292134
292101
293819
291675
291184
291348
292008
291487
291384
291288
292607
292695
291314
294743
292826
291372
295349
291542
291583
291365
291260
293007
291530
291572
293027
293415
293342
291192
291503
291256
291489
291435
291487
291986
293297
291487
291509
293400
293857
293772
292614
291388
291437
292079
291204
291577
293296
292436
293145
291603
291437
292544
299559
294362
293118
293550
291379
291330
292155
291574
291278
291360
296018
291311
293806
291437
291547
291438
291242
292639
291571
293912
291319
294249
291554
291316
294085
291331
291266
293262
292568
291249
291460
291207
297631
294331
291494
291306
293583
294310
293076
295269
291341
291473
291589
291375
293851
291455
291466
292612
291742
294406
297354
291360
291419
291556
293628
291287
291301
294431
293490
291577
291495
291452
291385
294167
291312
291419
291475
293232
292778
291567
291899
294367
293201
291705
291387
292566
295783
292671
291180
291913
291200
292184
291418
295487
291511
291249
294059
293555
291298
292086
293085
294105
292417
294013
291322
291537
293599
291297
291350
292182
291414
291223
293189
294901
291423
291147
291361
293144
292609
291416
291557
291180
291344
291395
293464
292631
293399
291351
291882
291721
293497
291423
291526
291306
291313
291544
293951
296743
291336
291530
291416
291427
291532
291479
291120
293361
293159
291407
291570
291280
294077
291319
296018
291402
293882
295849
291345
291574
292677
291196
294091
291355
291345
291636
291471
294002
292795
291411
291231
294470
291589
291412
292027
293135
291473
294276
291448
293826
291784
292391
291409
293207
291541
291409
294991
291488
294238
292863
291251
293625
293242
292748
293859
291649
292179
292200
291388
291549
291233
293524
293504
291210
291458
291463
291372
291481
293614
292770
293265
293749
293704
291735
291493
291358
291357
291326
295522
291462
291411
293858
291561
291445
291588
291465
291941
293250
291458
294196
291578
291877
291383
292604
291376
291426
294387
291506
291288
293123
293345
291864
291550
294610
291374
291565
291551
293149
293995
291498
291496
296801
293049
291486
291225
296017
291253
293730
291508
291465
291599
291567
291458
291569
291537
293328
291774
292349
294008
293632
293965
291657
291232
291860
291395
291418
294267
291592
294030
291486
291281
291325
293956
293566
291463
291430
291398
291912
292362
291528
291454
293309
293351
291559
291357
291453
291291
291356
291540
294182
291592
297298
292219
291293
292275
291558
291517
293816
294243
291428
294086
293676
292251
291376
291679
291497
291774
294415
291583
293201
291393
293085
291367
291781
294077
293708
293568
291322
293838
292830
294845
291425
291751
293211
293030
293056
291338
292615
292005
291237
292887
291364
291439
292885
295367
291275
293756
291220
296165
291308
291301
291453
291251
294193
291181
291398
293030
293199
291261
291270
291403
293259
293074
291565
291705
294448
292175
292137
291493
293614
291433
291330
291334
293599
294341
291209
291273
293428
293054
292909
291313
293015
291366
291402
291434
291512
293014
291563
292422
293933
294607
293262
291573
292383
293309
294346
291788
291284
291325
292483
291368
293718
293110
291853
291803
296933
291313
293094
291222
291358
291576
292874
293994
297097
294840
291277
296608
293825
294302
291355
297158
292153
293283
296665
291400
291357
291490
291832
291445
291379
293806
292211
291449
291488
293187
291474
291291
291413
291293
291403
291282
291460
291489
292982
291278
291996
291514
291468
291389
291467
291572
291577
291473
291424
291390
293141
291234
291449
292205
294317
294240
291576
291517
294160
292292
291508
293204
291295
291163
291907
291397
291419
292877
293594
291356
294659
291504
292321
291554
292853
291310
291278
296331
291917
291176
291429
292228
291221
291464
291578
292683
292243
294133
291349
294158
292084
296969
296957
293334
291543
292585
291561
291570
291516
293449
291826
291532
293207
293409
291552
291494
294263
295507
291474
292955
293325
291563
291330
291260
291539
293155
291505
291423
292454
291497
291293
291317
293221
291286
291330
291344
292564
293327
291492
291320
295206
291531
292866
292035
294025
291256
292658
291510
291515
293397
292820
291546
291133
291590
291300
291407
291596
294125
292929
291496
291338
291313
293096
291498
292377
293439
291451
292859
292787
294453
291157
293491
293279
292068
291448
291386
291481
293135
292384
291182
293296
291383
298038
291585
293977
291398
291495
293704
291521
291414
293096
293117
291460
291804
291584
291551
291451
291468
293089
293729
291309
293296
293138
291204
292214
291430
292077
293496
291979
298528
291355
292783
291420
293017
291973
291571
291510
291316
291386
291338
291737
291466
291506
298545
291264
293166
291341
291155
291937
294431
291301
291479
291316
292983
291306
291283
296742
293335
291324
293786
292041
291483
293205
293175
291165
294226
291470
291291
291336
291346
292436
293347
292986
293698
292201
297089
293102
291282
291350
291238
291326
297349
291442
291442
291381
291561
291516
291228
292769
291133
291504
291468
291567
296517
292288
291358
294239
291352
293983
291362
291898
291559
292248
291503
291318
291506
292324
291579
291961
291558
291459
291560
291467
291133
293397
291580
292029
291457
292748
292149
291369
291397
291272
291522
292919
292553
293916
291330
291449
291967
291986
291341
291323
291500
291392
293737
291684
291501
291321
291549
291555
294005
291303
291234
291535
291515
293751
291450
291326
292472
292903
291476
291442
291546
291431
291613
291426
291421
291696
291424
293492
296883
291305
291570
291386
294089
291604
293377
291322
291848
291346
292719
291444
291393
292325
291412
291384
291392
291480
292395
291377
291338
293629
291337
291363
291546
292176
291491
291289
291324
291369
292826
293758
291493
291428
291325
295857
291454
291181
291463
295881
291929
291452
293344
292345
292588
292155
291425
291507
292268
294161
294672
292318
291324
293502
291366
293682
291423
291393
291561
291381
291365
291458
294986
293205
291402
293341
291963
291348
291524
291385
291531
291429
294117
291301
291546
291287
292179
291343
291445
293906
291460
291799
291387
293747
291178
293352
292200
291293
293379
293695
291516
291360
291521
291404
293533
291540
291561
293146
291478
291258
291941
292570
291585
292085
291907
291947
291560
292820
291624
291573
293585
291390
294000
293077
291503
291548
291569
292616
291352
291551
291527
291375
292582
291269
291370
291307
291184
291472
291269
291564
293196
291915
291320
296779
291509
296601
294185
291239
293974
291374
291548
291338
294979
293822
291286
291459
292573
293323
291360
291536
291422
293523
291543
291307
291465
292609
291685
293324
291374
291236
291442
291371
291834
291299
291359
291531
293518
291302
291506
296339
291338
294030
291451
293032
298335
292283
291338
291392
294512
291386
295934
292034
292561
291459
291525
291533
291489
291430
292702
295690
291492
291484
291491
291437
291466
291559
291282
292534
293226
293243
291366
291284
291337
291525
294568
291331
291220
293087
291478
291329
293376
292317
291231
292639
293715
291470
291381
292541
297735
291504
291545
295648
291647
291496
294662
291446
291999
291279
291571
291300
291360
294286
293687
291577
291319
293247
293010
291290
291331
291536
293979
291439
291300
295407
291540
291591
291192
293207
293355
291527
291334
291426
291538
291514
292791
291418
295543
291279
293557
291420
297045
293979
291288
291457
292240
291416
291458
291322
291457
293237
291437
291183
291994
291557
292472
291543
291337
294063
291562
293725
291523
293221
292004
292210
292204
291527
294289
291584
293964
291795
291581
291526
291447
291569
293623
291426
294347
291488
291464
291315
296874
291509
291439
294143
294330
293173
291967
296531
291639
291400
293594
294398
293300
291257
291439
293333
291549
291602
291637
295586
291498
291254
298159
292543
293254
291479
292753
291554
291145
291515
291387
291354
293256
291211
291396
291541
294247
291938
291364
291539
291449
294294
293441
291322
296730
293289
291319
291288
296637
292385
291392
291461
291291
293136
291240
293487
291396
292621
291260
291477
291762
293130
291426
295450
292825
292350
291274
293281
292395
291649
291457
293124
291517
292213
293290
296378
291546
291563
291480
292508
291434
291522
291325
293857
296428
296699
291490
291447
295147
292136
291453
291508
293502
291310
291312
292733
293368
291188
291465
291309
292988
293572
291513
294251
291361
293247
292540
295671
293409
295375
291382
291576
291795
291232
292644
293083
291491
291562
294835
291479
291704
293196
291323
293603
292521
291202
291338
293330
291564
291441
291515
293986
294200
291333
293496
291349
296522
291323
291314
291438
291467
291388
295504
291333
291532
292117
293729
292706
291482
295554
291577
294382
291410
291775
291361
291180
293299
293339
295069
292575
291815
293718
292926
292705
292093
291457
291340
291417
291413
293806
291796
292988
291575
291484
293297
291733
291345
291388
291358
293535
291359
293033
291487
292540
293571
296542
291208
291592
291554
294037
293009
293134
291225
294153
293132
295970
291364
292885
294146
291497
293014
291411
293820
294320
294576
291353
291387
291362
291382
291357
292723
291438
291168
291569
291334
292854
293380
293189
295759
294084
291588
292556
291412
291471
291380
292953
293075
291216
292661
292390
293398
292624
291376
293393
291277
291399
291582
291640
291357
291361
292580
292125
291313
291208
291542
293539
293130
292071
293202
291328
291531
292312
292282
293804
293721
291466
291780
294280
293961
294019
291263
291290
291583
291417
298555
293511
291510
291366
291359
292234
293809
291481
291156
291560
291413
291484
291482
291456
291231
291374
291294
293324
293201
291539
291184
291421
291550
291541
291522
291732
293740
291578
291510
293921
291144
291553
291250
293553
291429
291371
291805
292302
291390
291424
294366
293294
294328
293188
291501
293874
291501
291440
293380
291403
294494
293160
291266
292944
292045
294116
293617
291326
292865
291424
291471
291361
291262
293412
293805
292627
291322
291457
291579
293983
291294
293748
291362
293405
291575
291277
291433
292616
292782
293242
292795
291492
291549
291585
292877
291437
291541
292710
291411
292600
291423
291509
291481
292659
291350
291456
291346
291193
292234
293956
291343
292617
291569
291306
291302
291174
291157
291945
293356
291427
291200
291533
291324
291417
291519
291600
291210
291375
291248
293631
291397
291559
293237
293623
297274
291504
292561
297032
291551
295634
291397
291563
292751
291761
291570
293560
291594
293747
291516
292917
293220
293246
291540
291434
291511
291565
291329
292140
291514
291468
291312
291501
291229
294069
291258
291587
296801
291412
291555
291343
293198
291484
291765
291354
293385
291735
294979
291369
291339
291299
291474
293819
291547
291354
292320
291354
291323
291522
291537
291522
291183
292283
291337
293398
291594
296091
291314
291594
294857
293009
292955
291539
291365
293674
292096
291343
291541
293171
291434
291369
291321
293229
291340
291519
295265
292964
291531
291515
291886
291463
293248
291413
293437
294040
291492
291380
291184
293224
292248
291677
291462
293576
294362
291432
291465
291154
291484
291483
291259
291304
293821
293916
291309
291356
294622
293568
291373
292385
294817
291254
291314
293124
293312
293081
292802
296449
291338
291205
291443
291468
291269
291536
291468
291522
291574
291303
291369
291572
291454
291309
291495
291235
291334
291555
291566
294261
291300
291394
292542
291419
293899
291524
293874
291142
291558
291272
295974
291387
292774
293502
291560
294255
291959
291586
291349
294194
294137
291593
293889
293433
291494
293302
291480
292121
291471
291505
291355
291380
292479
294039
293139
293171
292655
293886
291529
291450
291475
291572
291192
292370
293420
291497
292886
292086
291512
294493
291522
291295
291229
291467
293388
293051
292935
291275
294204
292131
291545
293134
291135
291342
292363
291573
295347
291522
292474
291546
291255
294186
293770
292734
292527
291625
291459
291578
291353
291237
291541
291482
291519
293253
291604
291349
291392
291492
292422
295951
295299
291549
293278
292122
293884
291273
295828
291235
296127
291468
291188
291215
294031
293544
291566
291384
293786
291869
291524
291259
291551
291576
291572
294009
291481
291362
292873
291924
291446
291307
292268
293465
291415
293791
291522
291307
291427
291389
291583
291495
291259
291546
291439
293117
291534
293573
295211
293213
293147
293233
291449
291280
291530
293084
291564
292909
294393
291558
298545
291576
291537
295242
294277
292486
292226
292987
291265
293470
292245
296814
291368
293302
291315
293429
292864
294062
291292
291550
291415
292024
291569
291290
291283
292897
291535
293026
291507
293160
291335
293059
293300
293004
292735
292087
291529
293913
291577
291324
296045
292348
291501
294536
294417
293979
292333
292543
291463
291456
291226
291510
293117
293514
293231
292746
292323
291470
291573
291406
291476
292459
293030
294025
291380
291499
291509
291275
291514
292091
291904
293512
293036
291456
291539
293129
291449
291529
293259
291374
292295
292763
291278
291353
291355
291733
292047
291380
293844
291546
293669
292438
294235
291419
291371
291164
291469
291569
291334
291405
293186
291428
291510
294866
296169
291288
297919
294302
291468
291355
296050
293716
291467
291420
291156
291492
292735
291336
291489
291438
291196
291319
291334
293119
293507
291295
291560
294139
292847
291454
291339
293115
291442
291378
292742
291356
292928
292230
293313
291392
291563
291583
291351
296177
291583
291294
293572
291575
294224
291526
291410
291418
291520
291452
291505
291425
291270
291284
291334
291985
293492
293287
291486
291493
291362
291545
293861
291367
291331
291337
291428
291210
293660
291559
295919
291465
291531
295805
291481
291336
291259
291286
293392
291515
294621
292878
292020
293122
292984
291431
291440
294463
291325
292529
293497
293558
291325
291471
291471
294347
291426
291510
291458
291963
291452
291495
291495
292505
291502
291361
291577
297292
291533
291193
291407
292670
291566
291465
291470
292475
291569
293328
293757
291310
291493
293783
291389
291432
293144
291427
293780
293865
291387
291459
291330
295775
291733
291245
291575
291333
291447
291264
291802
298429
291331
291813
294191
291230
294230
291500
291582
292098
291331
291258
293893
291474
291363
296646
291129
293231
291434
294540
291385
291330
291492
293762
293601
296794
291521
291528
291492
291656
291434
291591
297000
294601
291429
291421
295687
294034
292166
291475
291564
291575
292247
293132
293685
291366
291463
291308
291323
291258
291331
291488
293807
291360
295466
291480
292150
291416
291345
291283
293431
291515
293098
291231
291263
297691
293335
293124
291345
293960
291696
292229
291414
295605
291541
293858
291564
293536
296656
291817
291269
291342
293801
293282
293215
291431
291565
291545
291280
291410
291362
295485
291472
293201
293502
291358
291529
293107
291303
293068
292201
293510
294750
292014
291454
291568
294352
291475
291548
291402
295990
293106
294064
291556
293168
294143
293133
292446
291484
292269
291253
291289
291635
291548
291255
291338
291399
291193
292353
291225
291411
292358
292179
291206
291378
291232
293269
291669
292937
291488
291495
291370
291495
291568
293171
291379
291542
291228
291245
292745
294901
292165
291458
291282
291376
291600
291510
291371
291119
291338
293847
294803
293222
292562
293624
291473
293080
293194
292024
297001
291558
291533
293523
291354
291506
291505
291519
291561
292974
293443
294086
293766
292324
292612
291398
294055
291226
291768
294985
291212
291521
291366
293993
296426
291391
291450
291942
291337
291657
291554
291519
294372
296989
291522
291334
291332
291536
291487
291690
291397
291322
291725
295247
293044
291956
291209
293879
291201
295969
293100
293500
293473
292532
291469
291407
293698
293787
291502
291275
291314
293871
293752
291393
291384
295971
291550
291314
291489
293158
291548
291400
291686
293168
292425
291483
292274
291324
291509
291498
291565
291385
291528
291533
291501
291320
291409
291450
291402
292305
294836
291293
292436
293556
291348
291557
293718
292696
291566
291349
292420
291253
292682
291578
291364
291743
292510
291557
291431
291529
291731
292365
292428
291360
293494
291310
291287
292171
291274
291435
293602
291372
291312
293004
291363
291574
291300
292515
291832
293165
291411
292273
291761
292747
291320
291293
292938
291658
291423
291558
293686
291421
291233
293152
291512
291390
291531
293495
293310
291561
291279
291735
291531
292582
291517
291814
293011
293155
294431
292251
291931
291764
292008
291635
291296
291752
291409
291519
293666
293399
294069
295026
293748
291481
291709
291321
291442
291279
294377
291441
292963
291536
291292
291220
292647
291532
292326
291457
291425
291496
291510
291506
291604
291141
291431
291317
293247
291324
293311
291195
292712
292641
291340
292514
293015
293463
293767
291280
292974
291391
291505
297953
291593
293378
291240
291434
293925
291328
291444
291238
293822
291506
291256
291569
291471
294399
291552
291210
291346
291525
294205
297006
291515
291541
291519
291470
293325
294244
292154
291399
291772
291930
293114
293520
291992
293742
292486
291323
291560
292653
293777
291395
293154
291381
291548
291169
291637
291547
291307
291435
291380
291509
291728
291539
291494
292118
292624
291478
291263
291363
293728
291523
294030
291445
294178
293333
291385
296482
293835
291389
291530
291234
291479
296814
292050
295845
291553
294094
291398
291420
292683
293832
291314
291369
294112
291288
294437
292548
291253
293180
291239
292162
291907
295304
291912
299174
292857
291525
291258
293870
292967
292090
293063
293867
291569
291387
291310
291873
293246
291487
292691
291568
291518
291838
291453
293539
293901
291392
291326
291293
292328
293168
291447
291321
291551
292146
294347
292904
292059
292821
291550
291404
291222
291531
291357
291537
294081
291387
295474
295559
291350
294203
291361
291393
291555
291399
297086
291940
291258
293296
291569
292809
291448
291489
291394
291435
293311
291270
291514
293843
291317
291422
291552
294248
291482
291457
293715
291519
292257
291439
291199
292324
292962
291390
293011
291385
293921
292587
293250
292251
291511
294176
293090
291746
293441
291164
294181
291242
291530
293411
291499
291305
291444
291285
291537
292050
291470
291527
291546
291386
292290
291333
292982
291580
291492
296198
291424
291419
291490
293571
291437
292607
293144
291552
291455
291363
291417
292780
292408
292282
293225
291395
291486
292221
291743
291583
293547
291505
291401
293807
291394
291581
292189
293261
291271
291407
292787
291459
291477
291348
291461
291485
292354
293561
292632
292103
294583
292638
294085
293264
291396
292469
292801
291486
291301
291516
291577
291505
292406
291539
291546
294129
293195
291532
291375
295986
291172
291322
291478
291286
293877
292580
291542
291204
291592
291311
291408
291482
296316
291442
293256
291885
291529
291582
293697
292745
291586
293951
291436
293747
291242
293596
291578
291559
293463
291459
293266
293426
293208
293720
294916
293632
292765
297212
292225
293713
291393
291219
291522
291578
291428
291144
291399
291371
291329
292890
293962
296060
293315
292612
294317
291569
291914
291681
291197
291386
293252
292496
296779
294725
291720
296618
292211
291147
293046
291257
291667
298737
293167
291547
291416
294655
291291
291432
291338
291717
292343
291480
291557
291849
293273
291333
292975
291228
291378
291515
293693
292769
291356
291479
293523
291429
291154
291468
293175
291593
291969
293392
291447
291530
291544
291308
291374
298362
291176
291414
291505
292786
295021
293194
291462
293219
291350
291203
291297
291782
293203
291439
291570
291472
293792
291509
293488
291266
291440
291570
293057
292179
291500
291369
294266
291424
291348
291491
291559
293367
291470
293177
295347
291332
293388
292764
291315
292517
292698
291332
291439
291520
291573
291413
291388
291568
291425
291496
293167
294300
291510
291587
291459
291273
292541
291441
292623
291578
291550
293928
291385
291463
292589
294204
291376
292072
291739
292975
291409
291398
293306
291274
293985
292397
291574
295570
291630
291503
291515
291412
291423
293585
291259
293131
291446
291546
293344
293143
291413
291347
293273
291356
291418
292103
294160
292674
291963
291334
291501
293103
291528
291436
291570
297139
291536
291580
295151
291560
292376
293657
291466
293968
296127
294465
291519
294252
291518
292737
291323
291497
298544
291568
291585
291289
292594
291354
291328
293191
291323
291353
293355
292349
293652
291389
292826
293016
291328
291438
291816
291426
291345
292259
291271
292463
295201
291319
294360
291581
291301
291603
291246
291378
291316
291359
291366
291450
291126
293558
292324
293551
292091
292717
291374
293190
292515
291139
292920
292657
293120
291415
291337
292864
291508
291581
294057
293900
293501
291251
292800
291980
292947
295499
291515
297157
291545
291337
291319
291313
293808
291616
294929
295278
291127
291742
291531
291572
291395
291463
291559
293442
293425
291155
291377
291477
291441
294108
292153
292870
291482
291433
292277
291518
291544
292497
291448
291933
291332
293220
291418
291226
291391
291460
291260
291380
291552
293258
293037
291470
291436
293991
295009
291433
291381
291436
294367
294136
291401
291408
291411
294084
292596
291574
291297
291154
291318
291734
291310
291457
291451
291450
291316
291222
293698
291526
291367
291472
292029
291426
291578
291176
292431
293742
291341
293507
291337
292459
292440
293145
291505
291487
296116
291521
291339
293106
291290
291572
291237
292937
291466
291410
291483
291370
293268
292404
292357
291727
292207
291441
291444
291484
291459
292766
292568
291446
293608
293885
291986
291830
294462
296595
291517
296520
291411
294560
291329
295670
291370
293620
291458
291480
291474
292404
295773
291251
291378
291574
291535
293381
291554
293179
293235
293182
293442
291593
291332
292036
293172
292703
293159
291394
293614
291346
291354
291922
291420
296958
291229
291449
291436
292347
291492
297331
293380
294070
293993
291921
292549
292876
291345
291317
291315
291523
291235
293696
291400
291333
291520
291422
291382
291430
293688
292589
291841
291594
291375
293316
293694
291360
291246
292366
292232
292174
291538
291256
291334
291545
291532
293141
291539
291521
291267
291363
291208
291495
291306
291469
291560
291458
291359
291388
293960
291573
291499
292193
292459
294228
291238
291311
292834
291588
291407
291452
291270
291482
291252
292886
292124
291321
293772
292086
293521
291479
291471
291283
293799
293933
291329
291371
291477
291556
293171
291329
291843
292611
291389
291414
291387
293272
293138
291196
292647
291221
291365
291349
291393
291292
291259
291251
291595
291342
293215
292389
293434
291480
294757
292041
291414
291322
291502
291284
291978
291344
295682
291134
292318
291702
291357
291385
291378
291217
291398
291301
291819
291518
291166
291255
291270
291538
293875
294020
292805
293099
291847
293091
292413
295112
293290
291602
291512
297124
292225
291509
291994
291302
291379
291493
291508
291409
291410
291449
291209
291485
291203
291216
293699
291982
293582
291593
294260
293149
291364
291516
291582
291459
291275
291482
293164
291155
291485
291389
291344
291526
291325
291572
294126
291395
291632
292224
291322
292941
291496
291545
291567
293761
292121
297369
293287
291325
291483
291964
294793
297408
292517
292517
291410
291461
291328
292000
292781
296977
291365
292034
291565
291495
291555
292358
292860
291336
291515
291402
293205
293164
294152
293588
293998
291574
291270
291522
291491
291388
294430
291343
291376
293264
291504
293984
292222
291373
293349
292485
291147
291453
291478
293315
291318
292276
291446
293217
293021
291394
294155
291363
296901
298954
291561
293171
291227
291502
291567
292118
293640
293290
291229
291538
292490
293287
294098
291463
292761
291519
293365
292390
291489
292421
291519
293913
291393
293223
291190
295937
291570
294077
292213
291262
291315
291800
291454
292752
291568
291688
291378
291480
291340
293772
291534
291526
291463
291374
291436
296058
291189
291298
292216
291227
293396
294146
293420
293610
292681
293178
291563
291544
293161
291219
292843
291425
295526
291214
294437
291499
292023
291694
292547
291358
291533
291517
293334
291473
292320
291503
291543
292250
293050
292927
291582
291346
293132
295089
291859
291554
293041
291411
292093
291487
291506
291458
291355
291445
291250
291268
291317
292132
293135
293291
291421
291387
291285
293811
291519
291587
291346
291511
291577
291287
291491
292130
294056
291429
291453
292608
293830
291484
293889
291462
293069
291795
293291
293234
293238
291467
291656
291547
291539
291519
291511
291842
293260
292705
291484
291342
291362
296717
291582
293127
291565
291294
293112
291372
298442
291406
291355
294925
291391
291572
291541
291707
293774
294778
292587
291174
293443
291423
292818
291371
291562
291181
294492
293918
293901
291247
291245
291483
291240
291803
293024
291318
291329
293850
291713
291325
292925
296189
291532
291359
291302
292484
291313
294205
291366
294011
292248
291402
291599
296213
291246
292117
291265
291187
291602
293965
293195
291496
291458
293232
293109
291178
293484
292113
293784
293174
292467
291214
296496
291461
293649
291517
291424
292474
293069
292525
291311
294018
292611
292330
292189
291348
291593
291375
297243
291621
291291
292953
294187
291237
294076
292284
296226
291358
292178
291554
291327
291226
291442
293352
292754
291571
291494
291317
292087
294087
292829
293159
293931
291478
291526
292113
291253
291403
292880
293157
297569
291544
291418
291460
291543
291455
291296
293183
291209
291325
291567
291355
297157
291584
292647
291360
292606
291544
291511
292531
293073
291800
293830
291424
295407
291421
292699
293372
291547
291587
291537
291381
293445
291265
291807
291379
291535
292273
294693
291459
291492
291687
293089
292351
292777
293273
293900
291471
291419
291336
291440
291474
292216
293211
293194
296701
292595
291490
291508
291460
291569
291738
291424
291577
291325
293421
291507
291182
292026
293327
291271
291326
292618
291502
291281
292732
291602
294890
293695
291478
295009
292541
291367
291506
291393
291535
291277
291298
292802
293540
294187
291554
291714
291470
293122
292878
293183
291523
293303
291501
291560
294483
292234
293545
291652
292784
291256
292102
291367
291329
293944
295257
291372
293075
291352
294107
291480
292233
291206
293298
291392
291532
291404
293875
291323
291572
292873
291345
297242
291488
293562
291299
293174
291502
294238
297296
291527
293570
291476
291348
295732
293245
292563
293653
291233
292472
291356
293839
291479
293331
291529
291299
291400
291343
291425
291276
291351
291351
293822
291513
291216
291303
292528
296874
293908
291459
291363
291343
291305
291341
291385
291422
291587
294081
291353
291411
291263
293309
291196
291287
291453
291839
291454
292562
297768
291557
291362
294237
291398
292909
296483
291474
291460
291279
292535
292851
291426
294072
291932
293831
291932
293626
291441
291680
291404
293924
292550
293020
292418
291542
291332
293047
293367
291481
292578
291439
291481
294308
293187
291516
293878
291570
291491
291430
291382
291392
291546
293277
291133
291496
291506
293280
291357
291418
292828
296518
292566
291510
293382
291470
291374
291263
296859
293287
291986
291312
291475
293845
291236
291464
291402
291406
292449
291459
291393
293135
293406
291871
291564
293376
291398
297097
291628
291360
291249
291763
291364
292282
291363
291431
291337
291501
291458
293605
291401
291713
291578
291172
291326
291526
291411
291410
291324
293792
291472
292570
291530
292895
291383
291343
292924
293308
291432
291562
291523
291539
291424
293533
291249
292134
291552
292670
291463
291185
293928
293798
291316
297116
291438
291411
291408
291353
295324
291246
291477
291453
296964
293327
292024
291312
291443
291531
293267
291318
293298
294388
293353
291418
291359
291329
293797
295683
291240
291416
291547
291607
294126
293663
291526
292563
293310
291148
294634
294126
291985
292746
295710
293309
293337
291608
291411
291544
291284
291383
293910
294108
291468
293142
292208
291440
291503
293669
291475
291336
292935
292471
294221
291312
291417
291569
291563
296025
293935
291368
291369
293257
291466
294685
292124
291554
291224
291496
291482
291356
293414
291518
291355
293612
291251
291486
291582
296308
293327
292830
293399
292690
293336
291473
293143
294119
291331
291499
293504
292326
291563
291469
294920
291424
293783
292580
293342
291312
295529
291235
291593
291533
292844
291469
291150
292432
291423
291575
293169
291559
291417
291419
291370
293809
296106
291535
291388
294072
293172
292076
291796
293953
291383
291518
291907
291415
291257
291501
293930
291341
291515
293794
291379
293575
293887
292687
291604
294154
291392
291517
293111
291496
291472
292880
292453
291429
293355
293903
292186
294255
291437
293456
291190
294728
291321
291871
291330
294269
291874
293352
291211
291326
293318
294171
291415
293319
293047
291369
292765
291501
294463
291511
291316
291236
291324
295493
293517
292538
291503
294850
291193
293608
291898
293965
292565
291440
291479
291381
297123
293106
291151
293239
291489
293112
291385
291516
294015
293785
291500
293023
291458
291331
291577
291297
294117
291437
291571
291304
291463
294098
293217
291522
293468
292282
291464
293882
294229
291148
293226
291523
293092
294255
297117
291525
291273
291324
291168
291268
293024
292473
293030
291271
292131
291570
293951
293885
292653
291534
291528
291378
291352
293697
291517
291558
292836
291311
293393
291259
293593
291354
293490
291394
291233
291355
292042
291244
291206
293408
291477
291525
293327
291204
292148
291394
295088
291513
293684
291359
294785
293407
293080
291439
291409
291462
294795
291363
296228
291356
291468
292981
291496
292963
291367
291192
291531
296731
293767
291600
293257
293495
294553
293061
292427
293332
293903
293556
291547
291781
291470
293522
292508
297036
291373
291457
293164
291276
291440
293207
291519
291543
291471
293670
291261
293933
291454
291463
293983
294311
293108
291380
293253
291788
291449
291573
291297
291346
294332
291508
291534
291466
291513
291834
291355
292896
293717
291464
293770
291336
291542
292445
291638
292768
291570
293911
291320
294156
292145
291279
291208
295322
291468
292547
294256
291191
291434
292333
291203
292852
291524
291210
291248
293075
294155
293249
294161
291497
291354
293211
291515
293285
291556
291290
292169
293587
295152
292204
291428
291471
293199
291415
291227
293961
294325
291192
291142
291572
291340
291358
291230
297320
294174
291506
291277
293041
291550
291507
293371
291428
291511
291542
291496
291177
291446
291336
291399
292022
291596
291876
291421
293439
291268
291243
294032
291561
291451
295645
291275
291987
291346
293142
298924
293315
291462
292226
291425
291521
292280
291270
291446
291541
291362
291446
291563
294036
291354
291482
293262
291299
291294
294066
291450
291585
291568
293919
291482
291490
291335
291231
291378
291537
296574
291533
291434
291300
291359
291275
292607
291582
291303
291800
291248
291345
295604
291205
291487
291432
291304
294273
292921
292181
293095
291134
291264
291452
291283
291520
291945
291278
294096
291571
291419
293992
291483
293111
291529
295800
291505
291582
291339
294174
291796
291581
291617
291381
291372
291257
293189
291483
291573
294015
291242
291239
294029
293669
291492
296460
297078
293105
294009
291350
291241
292457
297220
291476
291415
291339
291319
293024
293699
291493
291404
291549
291285
293131
295768
292277
293253
296789
293773
291412
293262
291164
291464
291471
291346
291372
294377
291357
291496
292131
292890
292644
293321
291577
291296
293401
295047
294120
291383
291297
291584
291457
291408
292351
291386
293278
291146
291576
291194
292347
291366
292096
291466
291427
291244
291238
294319
292809
291198
291381
291402
292246
291259
291514
291448
291114
293119
297311
294129
291385
293717
291459
291364
292178
291506
291380
291449
291566
292835
291416
291296
292014
291952
291387
293195
291384
291298
291531
291931
294166
291873
291337
291385
294065
291441
294998
291384
294106
291406
293615
292332
291313
292831
291344
293334
291988
291551
291395
296623
292872
291523
291272
292248
292133
291193
291410
291580
293623
291186
292974
291291
291499
291206
291583
293504
291323
291235
291790
293252
293049
291373
292237
291448
291548
291275
292287
293163
291376
292492
294241
291193
291411
291968
291510
291259
291429
293716
291540
293133
291359
291552
293003
291442
295638
292298
291291
291576
291468
294204
291378
297345
293155
291385
295643
295592
291303
291571
293091
293717
291789
291358
291559
291236
291351
292060
292891
292158
291309
291442
291847
291690
293243
291445
293144
291410
291299
297998
291363
291592
291471
291375
291496
295466
291616
291559
291540
291738
291451
291534
291537
291565
291161
291497
291572
291246
291660
293408
293640
292228
297182
291299
291436
297545
292997
291270
291526
291296
291508
297177
291280
291461
293746
291438
291714
291333
291263
291651
291999
295977
292784
291197
291448
297960
292476
291568
292360
294257
291455
291528
291281
291203
293190
294523
291515
292221
294079
291427
291477
293947
296523
291494
291376
294551
293136
293949
291325
293029
291489
291557
291432
294283
291319
293229
293579
291383
291374
291126
291582
291385
291505
291345
292329
293982
296751
292822
291270
291227
293003
291963
292810
291390
294116
293148
291573
291426
291334
291492
291514
291893
291505
291426
291528
291488
294219
292750
291456
292540
291553
293341
291196
291279
291682
295370
291274
293536
291505
291398
291406
291359
291316
291348
291789
291342
291474
293606
291327
291401
293558
291573
293227
294586
291536
292280
291734
291434
291245
291588
291432
291228
292174
291370
291285
291769
291371
291449
291495
293778
292361
291270
298987
293891
291217
291358
291248
293553
292862
291339
292038
291371
292231
291386
291334
291437
291355
291205
291338
292711
291392
291406
295088
291374
291441
291449
294140
292441
291277
291346
291264
291516
291535
291850
291618
291516
293528
293296
293339
293070
293303
293901
291216
292601
293581
291365
291375
293709
293934
291486
291489
291539
294444
292389
291577
291352
291389
291314
291310
291560
291479
291286
292775
292943
292914
291408
291544
293100
291626
291316
294917
291553
291382
293402
291176
291372
291340
291323
291478
292416
293403
291485
293608
291358
293781
292434
291455
291374
291558
296347
291285
291352
293015
291338
293823
291267
292284
299095
299110
294046
293474
294412
291344
291310
291432
291286
291492
291577
291388
291352
291392
293779
291292
291391
292529
291227
293686
291220
291994
293515
291374
291564
291548
298366
292969
291372
291281
293425
294044
291847
293349
291444
291525
293051
291474
293722
292996
291286
291478
293252
291547
291463
291336
291360
291380
293988
292096
291321
291579
293612
293501
292642
294209
291441
291478
291357
291431
291393
291566
291503
291496
292254
291410
293921
291471
291420
292415
292588
291429
291320
291163
291360
293251
292060
296903
298088
291562
294814
291331
292012
292444
291523
291378
293375
292201
292513
296394
291227
295203
291250
293715
297330
291278
291402
291441
293871
291562
291589
291442
291385
291243
294320
298409
292895
296814
291231
293885
293630
293225
291413
292930
291485
293135
291512
293290
291514
291454
291310
291564
293673
291529
294363
291382
291522
291565
291507
292179
291452
291357
291412
291277
292220
291238
292697
291586
291541
291368
291570
291490
292063
291286
292682
291234
291284
291325
291357
294104
295744
291450
291340
291313
291375
291554
291444
291432
291325
293378
291525
291496
292430
292355
291313
291463
291744
291265
297240
291516
291391
291437
291455
291646
292022
291489
291470
291411
291415
292131
291438
292043
292699
291590
291249
291732
291588
291385
291370
291421
292782
291523
291963
293681
294446
291564
291288
291501
291403
293522
291379
291216
291383
291512
291425
294200
293665
292076
291483
291442
291114
291254
291425
293178
293661
291300
291404
291506
291344
293558
291379
291286
291237
293217
291530
291355
291574
291179
291534
291479
296065
291450
291494
291414
291386
291503
291486
291373
296369
291235
293313
291416
291211
291561
293253
291474
291472
292169
291177
291579
292949
291868
291436
293975
292079
291333
291953
291508
293633
291500
291218
293023
293343
291331
291234
293082
291359
292840
291348
291381
293185
291344
291411
291864
291422
291274
291551
291500
291372
291539
293534
292310
291432
294179
292712
294087
291273
293288
291530
293900
291496
291543
293156
291497
291260
291507
293284
293267
293145
292827
293128
293032
291378
293826
291398
291396
291560
291445
292139
291370
296521
292046
291557
291334
291865
291272
293281
294104
291548
291365
291259
291316
291567
291318
293304
291558
291374
291495
291455
291309
293907
291438
291563
292850
291415
291509
293058
291353
291142
291438
291787
293107
291484
291348
292628
291347
291419
291403
294328
293140
292414
291445
295681
291347
293797
292235
292623
293486
292304
291559
294967
293984
291502
292562
291543
292352
293540
293641
294133
291321
291530
291393
292066
292322
292432
292483
291417
291346
291195
294063
291560
291404
291505
291931
292370
291308
291268
291488
291512
291255
291936
291366
291272
291326
291965
291639
291488
291324
293181
291288
292257
291590
292107
291367
291338
291352
291484
291440
293234
291427
291281
291441
291427
291570
293498
291463
291518
291258
291517
292330
291296
294329
294274
292509
294133
291590
291337
291579
291415
291386
291513
291563
291259
291738
291423
291565
291270
291428
291308
293194
291412
291387
293260
291553
291330
291483
291244
291558
291421
291395
291177
291312
291515
291325
291564
292698
291422
291261
291485
291481
291485
291369
294870
297099
291305
291307
291498
291322
294551
291181
292795
296560
292168
291588
291340
292718
293627
291508
294072
292146
291303
291344
292348
293576
291579
293215
293062
291335
291573
292890
295020
291409
292287
291585
291486
291386
291191
291274
291462
291512
291991
293307
293793
291489
293982
291267
292196
291535
291596
291569
292822
292089
294050
295548
291499
293289
291391
291554
292427
293223
291657
291532
291936
291478
291549
291424
293252
291430
291439
291575
294138
291564
293735
293165
291300
293932
291486
293170
293700
291408
292718
294042
292561
291499
292863
291422
291349
291402
291463
291256
291405
291527
291471
291486
291521
294235
291501
291672
297690
291873
291363
291402
291137
293763
291186
291436
291411
291409
292416
292922
294117
292404
291434
292692
292873
291452
291365
293605
291367
291289
293331
291317
291386
291627
293672
291266
291592
291567
291942
291256
291863
291366
291165
294499
291339
291225
292241
291386
291369
291480
291481
291582
291431
291345
291361
291854
292317
292364
291505
291428
291322
291582
291555
292903
291566
293366
291403
292317
291564
291393
291523
294930
293427
291927
291558
291434
291337
291466
291584
294405
291335
291548
294344
291618
298057
293651
292675
292584
291422
291135
292330
291522
292572
291463
291459
291363
291518
291599
291526
292779
292326
291488
291465
291391
294089
291347
291447
293850
294196
293294
293666
291396
291552
293828
293353
291309
293321
291766
291545
293171
291433
291334
291548
291391
292680
292487
291530
291185
293056
293536
291427
293117
294120
291510
291348
291545
293898
291344
291354
291376
292406
293324
291541
292849
293167
291475
293739
294038
291356
291286
294083
293964
294081
291383
293865
291505
291277
291448
291454
291445
292467
292100
292719
291327
293233
292124
291506
291262
291918
291897
291514
294008
292516
291726
291541
291461
291200
291522
291372
292548
291438
291558
291452
291298
291207
291592
291497
291512
291449
291573
297772
295846
291518
291482
291528
299146
293454
291453
291363
291492
293122
292309
294120
291153
291548
291387
291471
291377
295746
291296
291794
291411
293328
291310
291583
291375
293352
291344
292620
291256
291520
291509
291489
291757
291344
297174
291449
291380
291562
291361
295134
292638
292786
293013
291325
291372
291141
291493
293248
291907
291299
291215
292456
291433
293152
291451
292189
291256
291286
291585
291556
293618
291441
292049
291466
291163
291219
292116
291329
291361
292273
291237
291348
293426
291585
292579
293194
291591
291509
291290
294744
291455
291531
291331
291493
291392
291303
291312
293850
291150
291527
291577
293216
291364
293687
291421
291404
291562
296565
291641
291490
291448
292538
292729
291576
291274
294176
292989
291585
291527
293621
294527
291214
293293
291879
291444
291464
291465
292397
292283
291242
295379
291584
292861
291590
292273
291487
293721
292216
296491
291475
293395
291457
291522
292331
291962
293041
292810
291500
292698
291221
291356
293297
292596
291586
291378
292565
291486
291483
291715
291213
291257
296392
293609
291458
294073
293304
291418
294280
291402
293496
291470
293114
296654
291307
291454
291161
292686
294192
291396
291335
291384
291894
293362
293300
291566
293392
291554
293727
293485
291970
291769
293259
295230
291323
291529
291513
293327
291589
291388
291293
291320
294051
291530
293481
293526
293314
291950
291513
292944
295972
291539
291438
293262
291280
293950
295182
293338
293147
292371
293642
291525
293725
291402
292034
295094
291523
297068
291505
291697
293878
291298
292775
291384
293329
298653
291542
295325
293961
291539
291590
291525
291227
293278
295817
291557
291924
291240
291477
291619
293719
292815
291371
291465
291419
291929
291596
291557
291497
293432
293188
293727
294592
293198
293767
291395
291361
293428
291314
294207
292609
291554
291699
291566
293798
291469
291123
292369
293150
291280
291452
293895
297615
293540
291421
291416
293049
291267
291287
292116
291357
293403
291347
293662
291562
293818
293118
291267
291558
291494
292236
292403
291358
291726
292577
296467
291593
295367
291358
291583
297825
291536
292772
291490
291507
293451
291591
296532
294253
293061
291275
293201
293964
291596
292141
291341
291511
291607
292826
293124
294336
291433
291661
293637
291571
292039
291542
291434
294219
291306
292591
292397
294285
293822
292847
294062
292567
293998
293432
291810
293176
291421
294506
293441
291421
291467
291497
291328
291863
291375
291365
291532
295234
291331
291552
291536
291569
291516
291586
292625
293109
291586
291378
291319
291550
291395
296145
293824
291432
291242
293140
291491
291435
295126
291393
292221
291236
291326
291472
292087
293558
295433
292094
292733
293443
294661
292951
297356
291369
291490
293138
291540
291511
291530
296806
291298
291406
291449
291335
291491
291462
292454
291325
291382
291821
291495
293248
293848
293502
294362
292847
291417
291351
293643
291739
293126
293850
291504
291533
291363
292388
294766
291420
291597
291534
291304
291456
291360
291523
291487
291342
291823
291237
297111
296298
291356
291568
294250
291550
292253
291557
291178
293413
291567
291418
292230
293260
291557
291463
294800
291140
293660
292136
291714
291777
291527
291482
291279
291389
291498
292616
291554
291900
294782
291556
291346
292363
293963
294463
291254
291567
292620
291423
294003
295201
291468
292961
291557
291301
291398
291489
291386
292235
291372
294356
291484
291498
291300
291505
291524
292467
291519
291584
292507
291385
293057
291453
291557
291468
291651
292708
293723
291992
291381
291529
293123
291431
291452
291504
293767
291325
291592
291886
291512
291558
292632
293434
291493
291270
293322
292715
291414
291352
291525
294111
291502
292956
291339
293487
292559
293146
291430
292987
292717
291328
291216
291243
291288
291479
296446
291392
291357
291346
291357
291492
291277
291439
293156
291512
291253
293943
291841
291341
293237
291534
293417
291515
291398
291479
292204
292541
291440
291590
291577
291559
294115
293811
291272
292001
293984
292196
291319
291540
291464
291980
291311
291456
292698
291328
293960
291253
293500
291318
291305
291556
293273
291339
292858
291576
295960
292388
291472
291501
292781
293705
291217
291428
293883
291544
291497
293029
291516
291473
291679
293554
292725
292679
291497
292011
291229
291894
291697
291229
291444
291466
291297
291413
291388
291232
293298
291281
293185
291270
291365
291544
291380
292614
291457
291452
291251
293043
294881
292497
291498
291392
293638
294386
291493
292342
292094
298640
291544
291577
293339
293477
293503
292407
293938
291393
291369
293326
291996
291770
291670
291463
291329
291449
291339
291565
291402
292279
291505
291515
291512
292456
291417
291345
292744
291732
292672
291577
293353
291557
291446
291562
291366
296239
291399
293279
293065
291539
293200
291535
293908
293272
291495
295728
291378
291997
293536
292790
291542
291708
292971
293715
291478
291565
291510
291325
291399
293934
292836
294117
294017
293150
291849
291573
294201
291442
291501
291261
291292
291370
291459
295082
293912
293672
291364
293024
297911
291428
293259
293188
291532
291273
291469
292147
291407
291453
291554
291237
291795
293140
294120
293147
292235
294067
291546
291449
291572
291529
295841
291561
291337
291355
291544
291308
291429
291345
293542
294220
291456
293509
291313
291246
291501
292244
293274
292071
292381
291501
291170
291254
293310
291589
291407
293398
293290
291466
291805
291892
291439
293239
291456
293815
291237
291502
291536
291251
293966
293612
291425
295059
291385
291452
291399
291544
291566
293218
292502
291343
295379
292898
293374
292867
295398
291416
293047
292306
291332
291587
292163
291318
293997
291418
291414
293336
291366
291529
292380
291290
291388
292589
291339
291234
291530
291329
293121
293800
293849
291354
291397
291268
293860
291550
294304
291855
291323
291316
296857
291355
291277
291343
292994
291325
291345
294082
293282
291537
293220
293861
294594
292331
291560
291318
291203
291568
292179
293559
295708
291556
291288
291309
293703
291451
294542
292629
294336
291301
293289
294029
292094
292164
293931
291480
291451
293173
291387
292325
292628
292020
291372
292157
291414
292485
291273
291264
291556
294945
291574
291321
292734
293461
296325
291529
291568
291426
291429
291288
291380
293896
293166
291267
291496
291457
291458
291367
292370
293182
294408
293146
294606
291488
292694
291556
293236
291354
294196
291496
291396
293311
294172
291493
291274
293189
291316
291370
296713
291421
291514
291540
292736
293578
291362
291246
291342
293779
291469
291520
293002
293212
295768
294513
298409
293251
291534
291335
291311
296423
291310
291542
291552
291338
291492
291370
291576
294330
292775
291315
291574
292444
292821
291278
293974
291372
291407
293707
292702
291331
291375
293680
293228
294147
292131
294372
291854
291452
291356
291486
291299
293515
291387
291570
292820
291338
292833
291289
291273
291544
291175
291344
294029
291400
293545
291168
291587
291199
291384
291370
294004
296252
291507
296270
294040
291173
293168
293700
291464
291350
293463
291467
293698
291566
295313
293432
291476
291530
294205
291570
291235
293264
291430
291527
293442
291288
292700
296557
292634
292296
291341
291295
291366
293226
291347
295665
294454
291467
291397
291340
292437
291875
291305
293054
291335
292338
291957
291855
291337
291317
291550
294596
291544
291344
291319
291519
293067
293113
291391
298232
291566
291302
291443
292928
291539
295576
293325
293165
291574
291483
291513
291472
293791
291184
291491
291420
291315
291302
292273
291256
291529
293196
291344
293064
291261
291643
291472
293757
293733
293163
295664
294065
293233
293621
292486
293280
291389
291350
291435
291547
292704
291257
292269
291556
291519
291500
293152
293019
291708
291549
293033
291519
294027
291612
291406
291354
291571
293899
291518
297438
296426
291547
292362
291548
293354
292588
294232
291314
291579
291430
291407
293556
291492
293566
291398
296533
292077
293403
291465
291467
291230
291577
291560
291561
291548
291484
291368
291557
291637
291549
291445
294182
291413
293323
293379
292641
291393
293586
293285
292164
291406
292002
291514
294760
294355
291397
291579
297413
292911
297310
292158
291350
291397
291526
291450
293604
294555
291396
291539
291312
294148
292313
292886
291355
293298
293165
293857
291456
293335
294027
291561
291261
291556
291306
291278
291757
293454
292099
291291
291526
291479
291621
293682
291365
291261
291512
294679
293655
294151
291434
291830
291501
291215
294081
292884
291469
294044
291514
291261
293354
291552
294076
295846
293666
291337
293625
293567
291450
297673
291438
291261
294019
291416
291459
291132
291359
294885
291555
293499
291421
293315
293799
293955
292936
291403
291374
292230
291133
293664
291467
292452
291799
294658
291342
293227
292068
294152
291281
295283
291550
291412
291309
293915
291319
293555
292563
291536
292204
293163
291484
291464
291780
293490
293808
291543
292488
291992
291546
291321
291486
291227
291511
291420
291548
291470
291412
291401
293805
293540
291368
291319
293257
291952
291587
293390
291561
291577
291256
292924
292185
293819
291459
292007
293656
291999
291353
291387
291204
291436
291507
293379
295575
291230
291436
291316
293488
294248
293197
296559
293219
291454
291475
291469
293203
291287
293431
292338
293268
292324
291605
293805
291300
298079
291413
294651
291389
294022
291455
293217
291519
291467
291266
291188
291295
292224
291354
291454
292799
291341
291533
295643
291332
294493
291768
291507
291326
291546
291496
291405
291750
291464
291558
291178
291166
291473
291540
292281
291423
291325
291330
291328
293334
292978
291543
291930
291344
291432
293190
291773
291581
291521
291162
291483
291361
291568
291326
292853
291318
293245
291685
291500
293306
293375
291403
291129
293305
294096
293021
291303
293802
291566
294029
291321
291358
293213
291478
293664
292194
291235
291189
291395
292819
291357
291449
291371
293753
291683
292162
293725
292950
291573
291727
291504
293141
292545
293008
293023
298160
292308
291358
291443
291490
291417
291559
293228
291385
291513
294464
291929
291777
292680
291469
291558
297441
291348
291431
293277
291450
293998
291874
291302
292747
291387
293306
293267
291422
295020
293233
291509
291570
291582
292857
291290
292408
291487
291717
294152
293489
291561
291603
291469
293970
291420
293487
291183
291305
291166
292287
291379
293835
291520
291475
291479
293309
293723
293808
294114
292483
291843
292385
292911
293042
292921
291355
291425
291474
291506
291582
291886
291436
292568
291339
291393
293803
291556
292391
291497
291595
291622
291332
291495
291532
291467
291575
291522
293677
293059
291424
291494
291355
294325
294368
292761
291538
