479483
405084
345298
340877
403178
439899
326425
474844
480105
414441
491546
381231
359644
341420
487205
407086
479410
491575
447584
402397
492594
453199
384041
436893
430467
356247
406949
475956
394537
345076
419043
475586
505944
474158
374983
440650
512137
478901
351654
432685
451094
436244
481282
406463
386156
314440
332177
344646
366570
451029
465437
344466
358845
371211
418855
429834
348785
480292
397740
423701
433887
404076
356524
416284
480250
458375
453285
378066
390640
444691
437058
400930
454170
411716
351761
486055
511254
423371
362921
373281
379842
528710
422922
454761
470081
433873
399236
459298
383882
498594
495367
317750
399281
455600
395038
367376
447710
345274
506010
359832
488407
448300
352953
504512
365898
422074
395931
398483
400903
370305
384416
372663
405402
432259
430120
366962
437961
436618
360314
428086
455538
379927
414997
487983
328565
407878
315845
422297
415468
443549
335097
477798
348771
470541
363708
385159
401665
411846
391438
363842
327532
485908
471270
414658
410288
379368
396838
440463
411675
468488
435496
450936
403701
379001
374916
347183
453889
319494
339555
432125
349839
420937
357496
427222
395132
413590
451748
328980
386154
446296
432304
435513
479001
399040
438325
487158
353537
404151
494426
367217
372145
361692
390482
435669
437885
350883
379258
460728
411888
500886
421394
444649
486440
374318
348543
398240
520043
399451
363659
382462
423457
467153
360791
448826
360800
355433
365199
324694
413463
347928
462298
393479
421016
450338
471624
434486
459290
451674
443581
419732
385118
420103
468769
438881
402151
396147
342126
455621
457988
358351
366884
484348
421385
401407
427209
494298
461985
388317
380979
415760
342184
383089
504679
448528
407103
427511
415477
448819
424410
400229
363871
402907
359173
470009
349492
368457
370878
436875
436941
426451
344540
380066
382150
417383
344277
472282
364545
385134
502650
474726
439335
433965
388854
379142
483939
364929
405844
496144
440821
437337
402739
361233
474310
503800
352250
370020
410604
349187
362368
446809
354782
452598
423126
441588
412879
396351
381012
379728
472595
380809
491744
513185
416624
339514
348599
490334
432694
415135
410772
463442
371527
448610
355955
412875
480357
370630
397320
432307
351298
425899
361185
529202
378836
428000
349733
398164
413178
430557
341961
436975
377326
415392
451628
387810
457798
353879
347227
449321
486211
388051
377388
449378
450032
414412
435271
441395
312160
393400
381941
427625
387179
352993
449944
483024
439028
366372
353242
396393
364129
335299
391573
484331
369084
449876
460407
355298
359685
347328
372314
374897
436146
482482
379975
432860
340417
379338
337289
477931
378775
373068
496401
345855
357589
451692
374605
348324
500176
450338
397131
420936
418613
434037
361548
488549
428421
466207
418772
395044
376051
343479
453696
465892
469432
524750
406151
486114
412654
395446
366594
370126
442757
330080
344833
477205
451068
403425
411141
462715
455644
471913
457994
491118
415485
431095
420404
471373
479001
375851
492394
366794
345383
391739
385331
410123
403530
488165
529328
495734
464727
481730
332049
481684
328648
386950
432289
327687
385122
442534
343977
333061
385776
522038
461949
331789
424764
383343
406932
411519
362077
352271
491653
467923
406616
505251
359226
381361
474791
408665
406169
350793
475541
451382
336095
426154
422056
397665
454254
364510
468448
441675
421673
446739
360416
504531
503081
361000
369155
435028
357713
496314
391471
382191
429345
377368
340813
479739
360929
349515
451689
375650
405250
367249
439252
475293
368242
435705
384555
350044
414483
462974
432495
430413
462197
430501
383310
378551
408046
401952
359695
504599
411590
372418
412745
388007
392339
468388
345984
363049
376725
371963
396094
484160
310334
349497
424692
505859
501982
430053
354127
462033
482699
399223
448712
442546
418316
445037
353145
429883
387181
450799
449471
485154
425398
473207
479568
365176
382026
486021
494570
422846
460443
361768
381948
333672
381650
467460
491501
368797
429532
431575
418644
436694
406123
426885
452697
367119
444105
439990
454527
355830
358043
416387
372217
466423
353814
459515
330164
403035
325738
428153
314951
328562
384086
487610
461337
464117
353921
427595
495251
414332
397016
401915
436169
380232
354423
362830
354699
403293
444855
349415
492534
357134
357576
349909
379833
444456
475266
435193
431281
432011
435425
443777
413748
351031
387906
370443
326119
368785
473243
465672
395698
407558
391974
346352
463171
385398
513250
464239
391415
394572
379684
372388
382696
394408
358423
448993
464050
475514
360492
379576
420847
457469
356650
435563
454818
418266
442932
333635
403275
468842
351891
376658
361710
374599
416921
469230
400818
342644
382993
470977
430450
460686
458734
476770
339043
457140
378227
345019
413110
354078
423508
432101
368095
362429
430606
443789
367478
367368
351334
400703
394660
471317
414314
457030
354215
466713
355720
429798
445450
511317
397313
367769
425606
343288
330387
357594
460110
356562
415775
520171
429682
394342
325882
343718
437283
408605
379865
369554
473765
393163
389147
431103
460729
423118
402516
429564
348868
405666
425008
432516
388371
472086
326696
371332
420567
388409
528814
389795
352160
393464
428566
395378
345008
354832
373537
449757
351469
435518
388924
450553
367421
399378
502830
452513
424254
504221
494835
447634
413263
353502
410752
335115
442364
423971
367796
350763
431668
342553
464152
363701
392578
374706
455776
441552
429645
355616
490064
496120
436948
415334
486725
367186
392452
414500
471537
320473
430240
399978
373765
436433
390879
445087
386148
363623
377949
438931
371400
426091
386841
489027
478312
413901
433783
356009
435302
350571
337786
418080
494198
356024
413297
483187
421377
375190
492048
471805
473817
359141
393026
376664
356610
356837
515945
435554
425389
419940
357050
357783
446160
491253
495562
383903
431060
402408
363816
432539
402934
348339
408207
432995
457398
399542
473117
398486
449810
386177
480356
338870
493607
317618
459039
421060
351956
421125
453184
447904
401352
433493
432016
439022
382385
375950
452375
415518
471428
411877
362099
392364
492671
369502
384378
403229
454725
435517
499179
397871
466874
330540
406528
373280
339614
401163
404508
502914
514745
397828
383726
408415
474094
380894
438877
420654
352141
338510
408776
377469
405545
430521
423670
392246
426046
357647
415017
401476
423825
409439
348020
365644
467206
359590
460464
349870
428403
428121
351059
416888
434001
502936
452854
425217
385645
457683
422080
430424
390262
373071
426308
367656
345655
422151
457157
459293
355654
465823
425442
483073
458735
468029
391680
349440
460260
444448
375515
462236
419630
457774
489467
490297
330055
401473
372631
431192
445625
459050
489551
438440
373548
428284
393950
393622
468872
507165
450698
351059
348714
453320
329455
412902
416941
471619
400228
494410
516725
360813
394162
349630
372130
476443
471524
444272
377016
461275
365952
436768
375389
435275
399124
416828
362010
411955
397878
432016
424559
377379
360921
444237
395366
417428
354163
395693
484250
393455
402920
465037
319440
392697
424521
489648
329824
489076
367034
338561
420670
404959
486019
354542
391985
471409
473497
429458
382285
416084
351766
414860
337320
463207
381440
336407
472086
447874
391328
439642
433257
365590
386528
445964
419258
332232
428646
402390
378935
478114
415785
372962
393465
336372
430949
364241
401399
408225
372746
400267
431990
384640
468182
442745
414716
433739
339642
458335
394515
465565
431421
453546
386344
343373
434938
481991
389546
450316
401229
473152
467102
372022
379275
417043
476773
433829
376299
394234
372945
433028
473546
410159
347517
476680
341667
424467
474336
481445
431989
346376
353927
404054
378991
389578
426009
447956
421367
357544
400316
445976
365446
439132
436252
455464
398944
374913
453668
399368
524923
392312
442509
395334
408880
326076
367372
460667
394957
425063
389090
363407
363892
358975
367104
441562
415145
363361
393800
378607
320358
461991
359659
403634
366093
453348
392801
347351
422638
410409
355110
351904
479138
372313
388181
431924
369912
506036
316262
448231
427792
392968
446992
358387
424053
372487
420287
339963
332300
455270
407831
362519
378015
472520
390141
499351
473627
366233
390981
493803
342628
395736
438640
337453
520625
358687
447065
477257
359567
416344
421248
503010
513707
422054
345628
517332
390660
487444
422688
411002
399622
432794
490246
417387
375207
402860
503637
484610
442780
435864
430398
371877
453032
375981
480205
429140
390788
408500
361622
377794
366482
437771
428749
475710
386903
435524
467337
406963
443225
332530
428322
350301
488768
503974
472557
451454
491268
355923
485721
460748
478329
454012
411436
393677
440521
469792
332258
442546
463312
488209
469902
330092
461538
329399
414850
444807
473165
407723
381552
468970
499788
386755
473908
371780
334468
442250
319984
402484
377506
387638
336338
356349
362860
418620
329027
327492
510405
433306
466313
320940
473980
486828
403681
442333
383228
433288
423185
384375
392992
427389
371695
437289
346652
379183
356731
391651
365386
464416
476600
445750
407977
402976
398092
405866
441152
354059
477585
389349
377475
395897
422329
500158
457064
394687
439731
415687
362544
466102
436966
322324
389594
397591
412465
369972
350643
459466
410811
409933
313348
347704
501381
455409
469943
467523
360737
373199
433982
416609
486454
449632
396927
435406
431637
331402
348280
364493
461425
463552
467430
357783
409815
442070
378102
390812
354679
436397
370222
491765
480802
482237
427648
403315
367363
356913
390365
449739
366921
418527
403970
397430
444329
397429
451954
452548
460297
383909
356432
462761
457793
423425
313553
409497
386662
360587
355036
416615
492720
329002
494760
484079
471880
497178
429277
386128
483706
419591
345358
482690
359712
392880
375371
350673
391282
418160
459793
350803
397935
431971
355600
359174
353230
408332
371717
438159
406306
375413
377416
416651
342459
398644
382308
335179
396278
341021
377386
387493
465297
446228
425914
392687
410557
372768
463109
455506
350646
349121
418251
359001
386876
377069
422229
366739
391909
494199
380477
364951
405751
414272
465678
363537
373896
366304
442734
407422
418442
346474
360562
454226
411129
471658
436261
437017
388952
426323
488260
383203
350473
414227
471926
485083
349544
426763
398286
403550
363579
444147
382605
358733
446526
421585
422485
358400
417556
456392
322285
412489
396911
405206
382821
350890
346594
442320
333852
407277
492167
471419
506146
442138
430071
424240
337306
384399
352315
452671
453773
422206
369914
374960
365874
337020
425502
361346
361977
446010
422975
402760
491564
409200
456457
419984
391024
489489
376698
464962
410059
409789
384447
445465
361148
439953
455593
428518
362668
435359
457200
391487
503418
359174
460850
413441
436682
426236
504707
461111
424875
443202
461906
332102
326741
341466
433745
455768
510987
421023
460203
331123
418430
462702
458318
427536
502427
452290
398126
375265
328730
465451
346409
457190
490951
422401
374241
339845
347799
423661
373434
411768
433976
361315
334525
415920
361268
402419
417277
423064
462189
413132
457920
345507
386575
361395
384068
331221
416695
397424
405568
420189
340919
428574
433590
351145
461026
456538
405924
474337
357048
505794
394742
365135
401587
420175
414978
379030
376506
380826
456105
379958
415158
412448
447755
445053
433967
446449
416978
368004
430375
369010
473017
445196
459989
399408
487695
371479
454323
397860
425387
328021
420194
466922
379080
380654
366416
443339
365820
391495
395136
439474
409069
409967
409251
450771
321022
425774
398580
358579
352098
513789
514794
349234
403633
419765
377862
388487
358751
409478
395145
329086
439896
337936
353352
452044
362994
431031
355710
438712
424761
356191
431578
345774
400331
364058
447783
396882
471414
358042
527404
419741
352043
467412
361584
371891
328681
364431
424421
322640
410694
447972
464574
354598
354667
420051
347730
358673
338562
419509
451562
480353
332745
409530
388891
364762
401551
436729
362779
412201
360845
404238
331635
394588
374367
414210
489276
452334
389377
368691
461292
406698
343869
387270
430558
451820
444632
433606
424502
340665
412428
457840
496704
350637
375084
354141
407497
374418
352821
472989
430036
377978
426635
448793
463709
402407
443228
389671
420393
356172
323323
457619
444358
363407
390724
403676
474528
484572
341900
435765
418182
365587
368845
451422
384062
446032
382310
373667
360823
355448
476984
417228
383536
411447
355223
341699
435056
411315
373472
338447
369878
377887
385477
449944
424067
357883
396952
451444
431355
459739
472278
473431
487219
355307
476869
415086
439277
421915
380741
442416
352438
442682
380734
376216
440197
489044
403960
479559
393804
434147
451658
499287
459967
422228
375365
364723
326953
455737
470455
377705
397573
440062
360889
400511
437774
458747
469130
383240
461867
328304
448678
463837
388022
424890
360524
356026
358014
375605
404306
451216
427536
485233
501380
314103
402642
406678
391857
420151
357045
353156
320902
368762
335429
474011
339885
368689
451796
444843
428187
364333
476312
395230
390131
435295
474149
457755
465176
376844
397998
406974
424351
474522
468725
338100
453324
335967
435483
375164
391489
465124
440290
338796
356912
464945
451300
355798
371245
412268
352583
425489
447275
389349
415079
345176
317758
347018
402313
459420
437039
355060
431660
421665
398620
366979
487568
397681
418749
395202
357118
474032
376996
412863
496519
385867
469636
398754
459243
385665
505724
431064
360380
417975
349365
485593
439990
404588
474244
490323
456972
367978
452481
459922
366833
346322
434041
507949
406081
457334
372332
408137
473562
421254
367870
356271
335393
391789
485378
386221
413571
495344
437211
501053
419389
406286
423270
340833
461641
344602
365810
376482
446239
441278
343045
432933
376766
311642
441365
387084
400861
415835
481987
395952
330704
369350
463758
356186
447520
382690
366721
390435
379132
439746
370481
488785
321131
442144
487969
394501
452219
386410
506427
435922
473014
396634
447428
448652
456352
431651
423866
488537
474084
462510
452984
436960
463563
369374
353496
472466
422269
391020
352575
426603
347054
398984
485450
444566
387691
363582
483891
439203
351948
338847
499826
464366
318800
368962
422713
351363
458886
480960
385907
444239
407447
440625
444183
377997
427943
381468
341689
431211
426882
501567
339947
339172
456207
349218
462162
475834
410821
443492
433019
409142
449953
486604
479551
425798
442524
447393
384754
434558
454468
356602
476452
463146
388300
362582
469473
446123
385287
388805
370869
419698
331181
413815
361175
355786
494135
463119
396577
457809
394089
414200
359625
356802
434758
475493
449070
379520
447989
363704
441632
370068
378906
429655
391800
327297
321623
391547
409774
445628
426663
474038
443153
410567
431480
483155
423882
338185
371896
446696
441871
413688
424257
416555
414980
463078
382623
383974
396540
529749
505655
365804
411805
428761
344460
397852
323924
450330
469474
401777
378165
440061
338804
378126
492785
459973
412253
410336
375844
365503
489422
352530
498692
504185
481022
371977
420214
421151
400711
457865
445085
407779
400892
424887
320127
411315
426454
449951
433163
356163
449551
473672
349833
353216
375728
394891
403371
432610
318557
417429
441990
317963
359106
509257
497084
407341
350365
423583
455924
339287
443784
396336
498431
352534
438299
398830
405779
358463
336554
365176
337126
462637
332543
343921
494956
445289
487597
364293
465458
466712
436129
368649
503608
333751
342473
431783
427185
345030
402376
422946
440776
374760
423828
481633
442155
359913
455579
402341
475799
356094
346275
470124
474827
405541
353682
350317
389381
447378
482082
427578
475229
422793
344636
345175
394781
357805
405464
469687
502398
472110
376263
404502
365380
388444
498130
383456
382935
368875
361992
350947
477493
384946
328045
419291
493733
397538
435290
334049
495581
404971
410613
430431
411678
321193
428043
400169
369426
417650
341585
338921
471116
443296
482363
371302
396180
383335
374578
467701
321107
328634
362834
394510
394892
328715
449641
343826
425596
401074
358167
384963
512705
332786
367735
390250
350832
438125
407283
416809
440658
436058
436041
464551
374566
335151
422602
330829
364110
485754
469983
373808
380954
408055
383406
379167
358978
401022
505739
386313
319677
459487
428688
433312
370455
357094
390950
401532
486761
445568
434976
457035
466679
438391
464962
414207
398365
384885
471644
378001
377404
377230
403417
398318
338525
409793
352187
357717
422428
426463
464717
415804
369544
436020
429275
381161
430394
413831
412918
378135
339529
452026
368664
412387
342723
389125
399812
355749
333148
346287
444658
447358
482949
395100
490631
473083
393781
376599
468260
384555
450175
406446
383374
388233
451424
493468
414572
440225
446989
443063
456641
387107
380290
346839
443625
481214
441909
453182
352195
470514
466781
403023
471205
481197
494864
408859
462158
349692
360160
420573
436772
470165
383852
365141
442200
492480
398763
331195
359074
443816
357047
423625
366338
332370
430826
426254
459870
414743
405343
497281
318221
349111
445650
377887
373890
406572
474095
442885
426299
350025
355652
427281
468995
402476
378921
436428
486587
415893
441769
489372
333841
481597
401125
344219
422055
377849
450568
376858
491711
422412
386208
437295
411008
361548
493447
323600
385395
441793
325211
426530
357263
404447
390414
355703
428322
354687
446022
419189
354289
342422
461634
377340
460666
372676
379358
370097
432224
410202
500930
329420
465509
413125
443885
427104
486533
472472
348380
484101
355599
420306
483149
444599
468501
347254
384888
414102
355327
425962
365350
463753
394461
434342
418415
399369
460995
461364
441532
364750
381850
335139
479654
451164
490816
444585
348711
397498
427581
450685
334877
368481
355425
410539
350895
326757
402904
487732
364742
399096
342941
327120
385939
352405
378014
381372
329707
483899
509194
442227
505702
431428
449127
344767
410337
479072
449232
362615
489645
445089
452013
417663
444917
483101
418996
424239
354069
450404
426078
347206
335534
515752
475220
468745
423109
425755
406039
420695
429068
457768
353174
485079
346932
427973
353857
493386
471295
371660
459343
337420
389726
327475
357012
389865
309781
344483
427941
468909
462463
298288
455959
352832
426446
489965
394025
394209
451903
374295
483615
463524
445829
480058
474211
386746
428535
425473
465704
411478
405558
351705
431794
389535
347204
409855
471969
455598
489092
392605
410306
521538
439669
429053
470074
405996
355247
484574
383789
408598
453080
358791
331660
395366
358090
490589
477229
430866
475382
361702
502392
413418
461655
345757
323469
356690
353944
447152
451412
467135
457972
477021
385585
443797
479967
374073
348750
458494
433178
414560
344134
337953
386605
434758
395248
479546
375130
359715
376937
378571
352969
417434
445668
444932
358193
475443
336927
383518
396449
446492
367531
446528
417706
410756
474257
369819
421398
393669
348812
428472
478854
478487
417772
450186
422320
402991
442553
386884
380907
407892
472679
426073
355680
339490
352689
373865
420941
411325
401670
456123
455213
415978
345531
367133
369911
379597
336926
326949
457617
368366
416883
422917
475507
348939
423090
401961
467484
505431
467271
418475
451768
456515
353243
430784
363813
430954
504804
361625
472088
420920
459025
375048
353296
394755
387866
357260
490959
323896
434740
357661
442017
399772
472251
435784
355099
359561
393194
331459
473578
411372
484668
390161
356392
409690
511449
372600
389275
489142
371319
367520
374139
342649
499429
393254
490311
419670
320993
470434
414247
410674
424296
464212
455261
476011
508315
456086
397206
403096
479761
375816
486686
375111
365847
457584
362257
382884
465611
328336
482925
363047
372069
493879
496283
422496
343864
462710
477696
364995
411748
388810
371424
367950
406563
362983
368969
394893
419802
376032
392898
398752
430761
334432
472605
494429
446379
373548
362299
362703
449827
450698
381342
406599
376116
393017
417979
381531
387871
392895
437318
411741
390087
486986
436484
373733
396039
424779
452341
419561
352107
415911
379778
314273
334649
425382
445082
413011
373940
339025
383331
377362
492606
374826
442509
450830
486552
329459
408693
366013
330721
452966
390981
383117
451528
405699
374732
359843
489212
448341
418038
363136
405016
424841
405114
400094
432139
368307
419651
473515
411867
341728
375301
345404
504951
367422
370150
418050
437730
471844
420102
497552
444724
426478
356096
487788
452365
398742
330386
457028
430900
413373
435392
468199
347417
447116
364108
427866
462841
475151
371614
512017
401203
432327
471123
445386
481110
324935
346500
383553
432062
512379
432943
424604
385246
457026
493939
476574
481492
394369
405072
431808
457510
411907
511916
497355
479966
417854
508823
391310
364468
464406
426516
364135
437558
393137
376150
462862
339999
470646
399697
470731
385603
347307
511904
325677
361494
421415
326077
422758
505612
441308
396761
431689
442992
479953
438555
416163
383635
477499
440510
480489
449513
355091
403804
464122
376285
482225
412746
356782
344087
403640
395663
319590
393851
481776
479244
418892
388746
359636
350848
391212
380365
314478
388891
472797
485368
468007
456949
405611
398239
406247
447307
376260
343211
375488
511488
312417
451254
418022
405463
413559
439772
495814
406518
395991
481498
448633
444138
442591
364189
434132
442157
376123
397853
428831
402250
424620
326240
488775
364228
348796
485606
423585
352055
386188
402408
369529
405723
396199
462790
444605
412529
364182
371290
347953
321203
438116
338450
448787
380248
406584
441767
488505
406577
361285
395870
366842
324241
421218
374930
372343
456277
386097
389281
422802
426724
450552
426685
328648
449966
511398
454066
342344
313123
499711
394532
409737
424083
426019
481867
484445
377308
440563
457076
441011
459421
418571
309476
450065
490434
365924
380372
401366
455010
391499
408141
466125
411401
423763
398872
384980
429805
438030
376975
351722
457920
404905
358233
400798
450064
435375
342379
468157
459868
443786
444660
384362
473953
398215
439404
401339
349861
363876
361092
452394
484718
486381
468934
439011
350614
490859
415480
398622
419921
394245
398273
366441
345093
416741
364157
416732
452742
338830
354323
405957
370610
391306
380567
388132
378986
438074
414937
499805
483286
485001
352630
463659
387534
483340
391111
347360
345633
403672
343152
395827
450404
377395
331136
457557
523366
349102
433380
433955
412431
455517
417589
360038
354086
445283
356765
400524
443325
416060
405564
429281
422002
443648
372275
398118
438084
458328
475476
446781
401202
387242
402214
434773
462961
455282
471203
399052
443955
398398
352080
417578
403390
414657
409427
463546
398018
421182
335865
424468
388219
447515
355583
404979
444006
390334
390258
349900
490121
477949
382818
453320
392878
453086
360503
430363
415345
462937
451646
332877
402822
390119
414135
432765
458030
445698
486610
461606
436643
491251
444374
343666
370749
395946
434803
384517
446804
322698
462438
445516
383541
456417
365707
356591
415866
360725
389073
359617
356287
339189
410204
363363
412899
399515
361296
450412
380583
409072
327391
331165
370222
370905
379987
439473
364067
479682
522589
464756
458384
367391
487644
479505
502017
421498
412983
432840
489892
446782
359890
428284
490710
453477
469116
423253
483091
367572
336064
404019
405110
361035
350252
439117
362441
456958
485218
370549
474035
311421
418995
472328
368575
459118
388528
457372
461050
449972
406890
342016
473233
374054
326679
400839
357105
385254
403891
405858
390446
332577
435187
448844
491806
391288
347695
416851
527459
419671
363898
408779
366351
383379
447053
404418
398570
375559
445138
396267
405685
393095
359502
481501
367341
386084
385911
376439
490553
350578
404195
411113
456323
387193
421948
405815
360922
369272
368958
363075
374430
512371
413074
346716
367055
394140
357319
421683
322626
464495
381975
382077
451679
412601
409632
370967
391466
439468
372489
484775
395508
351787
332826
337857
353386
413096
403940
397887
420690
357472
378790
431903
437207
447337
371639
460285
432091
415790
383830
402478
369712
447596
457847
344503
370186
472595
439182
465790
410596
365974
479150
397894
466235
377655
415811
465109
460423
450273
346466
341493
351920
364905
378356
416062
528136
407222
366163
349715
373185
396494
440411
372022
330413
443862
389036
477087
314546
411887
472949
349843
461011
501043
497706
349942
329810
384778
390640
357739
434760
377305
507607
377067
444241
473574
476947
442745
430525
419441
403596
432567
453646
391968
421509
430204
493280
385547
431811
350891
453684
408396
463451
349281
352138
480645
484808
412563
353077
395926
352744
436621
427379
359772
448863
333710
385474
486365
450362
439118
365354
508201
437230
450131
435807
362664
428394
361339
456143
495324
457180
331147
463990
472951
451718
480447
388638
370532
414241
431537
475331
415041
407032
389345
462323
358934
358333
458914
473538
483286
432693
437558
494674
318718
505796
325655
342581
373413
404499
443798
465540
444574
335915
388849
369331
476131
451066
356237
311910
442616
465428
402703
475907
433354
460846
377922
496867
393552
383241
458194
352206
410387
467106
347491
480954
333995
433952
437391
414482
433725
360905
351483
466145
350611
435293
502825
410227
505734
454151
476627
435611
399968
351147
481673
408186
371809
332526
392449
401219
359272
348598
381678
435678
323641
437917
379542
464086
340015
407198
426472
441859
479774
369760
369455
362620
378724
447118
472573
424959
342838
446182
453439
358752
490278
409008
442192
467829
459602
368716
481810
339131
431375
419683
355727
343475
336420
469461
404312
517955
469946
423665
509984
321706
424704
362249
364202
499567
445580
373043
480094
350491
374190
461480
401486
361748
397015
370814
449303
367519
471553
479218
418928
398506
479688
465437
482054
437669
488071
352982
363117
348157
356984
451573
397209
349199
457456
405220
464966
403870
467852
388392
417465
465087
405905
343501
370444
347079
489097
399994
405804
460863
511177
449576
395899
443703
328769
349227
497977
318514
483364
389456
349942
401973
467127
393513
449062
379982
369197
458788
399217
345690
500199
407002
419838
462066
468902
409427
469155
442464
446321
372543
519923
434490
453385
368400
459693
372303
452204
441326
375506
372729
386328
375481
426595
346111
445248
349208
422018
369874
365679
423342
446689
425614
337030
476072
400276
429483
379080
420610
422996
480616
348259
339128
418556
418590
391179
405687
497060
382899
470247
340230
405255
408760
409270
488100
450270
449099
375472
445708
466579
387938
373122
367435
402417
479856
404811
423674
370195
406902
439569
408413
393701
447216
483507
402119
446105
396459
440230
425169
423834
393448
464719
443372
413359
453068
436217
438937
489604
395378
355466
396607
402547
332793
490020
415427
437471
460363
372575
421735
381712
412392
461784
472085
420154
478111
414741
322719
460000
426224
474813
419665
398754
482961
439092
387057
394075
409978
419169
369515
342667
449905
376661
340948
371379
385029
378102
339832
455289
497000
381896
367465
454257
449471
364187
463338
402913
356286
430976
462107
518410
367999
401923
457096
341607
320104
384952
365049
478823
466682
442791
348890
501025
442127
422089
446614
345543
359846
398939
372414
337421
361216
333452
451451
343538
422512
348058
440308
336303
350155
480699
459577
364051
467926
474557
444061
438835
488198
448250
458374
472297
405076
315255
436404
332714
388811
370534
376325
333672
418837
376407
348870
407128
457869
327598
435070
386628
437625
474529
428849
383582
387699
390346
346692
327767
470998
347967
355757
514315
448698
324071
489024
455233
366308
396133
425854
456491
346844
428560
406970
356987
428015
381703
350778
437540
430847
360447
455167
394051
426404
351098
475453
362968
409850
387745
481026
492209
391892
433402
450145
406088
375860
403984
324946
414400
422781
443480
400920
435560
497970
341926
366667
355098
416812
437592
463878
354423
477313
452090
384817
477035
431315
394097
380548
395304
404293
435407
334021
470894
443350
459431
450379
383582
403284
444511
453173
459977
370143
474818
346815
365845
344099
423199
462110
357842
362702
353113
390714
381932
451190
339540
421469
353477
488895
414016
408633
434184
446052
445714
514239
425016
470447
378479
360893
453916
410427
365923
364477
393196
335095
495921
362611
430877
344945
415730
436618
397287
344411
355547
429629
473827
351335
348455
407505
451503
372481
383850
422255
481781
372110
356896
433863
413172
419346
315210
400570
437389
516832
488061
400077
433132
357682
364121
332556
432350
418130
435188
466756
504026
450102
386312
498784
402838
407584
458045
452700
430041
368239
424489
403589
364966
372105
350874
386495
459490
391009
452996
397334
470975
506178
403650
367701
362618
390674
429108
428684
428116
380596
473789
436507
457234
490697
468005
457871
349591
457693
355782
358535
388436
460755
464102
354050
356899
443315
416803
410131
361888
395913
356884
414412
486658
441154
368505
350552
483193
462486
346386
449421
433724
470596
413191
392412
423583
445138
462378
367867
461610
451549
363975
382770
417199
394472
353002
384435
363098
382974
462116
337027
346763
425803
445805
475615
439317
329809
400635
408323
387056
427435
422794
370080
484323
345553
353465
427806
436033
403280
388989
498175
427366
368986
406078
411294
394213
419524
410332
466516
455247
365667
503637
356846
349678
464961
421233
475420
400781
379105
467556
371902
339304
449902
463178
468237
339897
448554
417347
351147
368508
355606
489688
369201
403320
453265
366336
456950
355327
495140
501046
372943
368618
413546
365416
346824
520969
351197
470593
384669
488068
376514
472457
408635
377755
450324
491172
479585
468324
444012
439302
351169
432997
415739
382441
359438
391787
386610
503796
448975
446298
398110
463043
395941
424469
348837
334383
340523
334349
362984
353300
349493
359112
475382
403173
398339
470294
330168
349453
393262
390915
367503
365841
392353
479976
439717
402145
349515
374334
380387
381639
450251
351408
379498
382896
463733
345027
450343
389140
426396
487274
322355
458252
391194
352290
446797
385119
447392
401888
441927
451820
441143
474239
370283
443269
340832
319358
443192
455943
326316
446021
421071
398176
434980
372504
352476
452622
356842
424795
399013
356538
456149
413975
392322
418974
357158
443272
366101
440443
420594
411801
442356
317065
388079
482848
452203
370188
486861
386290
435826
356363
380640
382495
420102
431789
485899
399496
340463
334985
463735
368417
399369
457230
446269
394339
344308
357220
397218
434210
351383
355419
341795
363542
456638
363079
385446
487116
398950
435508
467560
415254
411530
462577
505140
497011
407635
508277
367624
495359
382572
516242
427974
388381
382166
473424
459801
370004
334275
427612
450797
363683
474395
441025
455210
487616
439490
470283
338646
471790
411489
507149
371952
403002
397798
414340
421057
354455
437376
474031
420945
349993
399951
423023
434135
475938
505440
325337
461776
373809
427089
460936
365760
423533
357381
406683
370714
425274
403867
447978
360182
349855
456962
442056
445650
462222
381835
343821
460429
398548
400555
352751
392865
348718
371356
440868
432944
400010
430549
339971
376592
441730
367778
356391
360408
487171
409902
499958
337820
381479
499623
371087
405413
348990
501662
449701
337231
410141
472722
422919
357061
470399
334416
398307
462864
438490
375390
365433
371849
374420
420483
474831
478759
390284
471856
389534
480076
377016
379553
360502
401788
420853
477610
407221
454918
458324
381765
309297
402949
415191
488398
434072
468654
340781
417626
362842
504580
400941
346292
429087
447500
410804
358600
409398
459722
426376
338686
514671
398982
396928
519393
487105
359924
404916
423231
371442
383462
322852
495157
484564
453000
428404
321215
367732
418428
337275
370535
384828
440499
461228
445454
405328
339072
417164
367415
376190
444546
327877
407995
389512
346710
436220
359980
472943
391266
342815
488687
432372
388996
487068
481676
499170
458742
362143
445607
412894
481286
397552
464817
377341
356471
412709
477156
444699
356898
393614
361898
439872
357858
406618
438607
444281
366448
471614
474093
394704
415099
402403
452524
350236
461870
489343
480342
461444
378820
379651
360459
435237
489437
402407
403315
424638
468858
411078
358713
491428
469414
374395
409296
354015
380755
347061
481320
461518
441899
442388
430413
411342
449343
345345
416535
429269
410560
466772
408196
341637
375629
317663
397811
471734
333746
468502
489948
454609
421906
426203
427598
395091
387962
476852
385502
372235
368536
445422
415569
509056
387949
475760
430799
359161
371288
456038
363357
413569
459688
376535
486780
348710
438103
370732
331516
412106
398056
399596
457112
359372
357101
434631
382464
398071
393422
470608
484974
434560
440104
395316
459915
351785
409239
487782
441074
396966
423550
445217
316796
449307
416722
435686
344793
336121
419827
327315
408187
458953
468315
366324
463798
366220
354684
436830
410781
374388
475222
487655
398261
420366
489312
405101
417366
459622
353199
471611
345351
459635
474002
440774
472322
441335
400486
438509
473523
429854
342450
412484
407052
450427
435340
408057
404648
396055
336575
437677
460568
407557
484976
418051
431138
390710
405420
420157
447021
455071
412286
369993
487399
492208
331498
384516
417517
484466
341199
339500
386318
473287
455566
501571
399980
390215
481006
329631
467840
428561
431322
477830
335506
396557
487867
334243
402375
338093
494468
462260
486194
381064
434434
470789
368745
374032
378546
393699
337766
412635
493584
362413
395119
342832
370592
433046
464783
397952
358355
396787
402453
414833
450162
399703
408694
461943
441588
365805
353480
354675
414987
509318
378841
343267
374873
480972
469138
349180
387706
379562
485356
436172
370138
436604
453034
379320
479953
464548
479154
521041
354192
437947
361402
465894
460253
472838
487133
407609
305649
436522
478568
467546
499823
416891
498207
374748
410941
492758
356863
432919
449040
353247
448839
452781
477772
444324
387002
493778
481699
392844
496379
348225
456789
352652
464866
371081
446259
326292
358589
390830
409199
488700
468376
498045
425568
465102
342556
342811
417604
410009
426504
357231
483932
401022
467951
476256
409370
502551
385148
431839
455246
443718
410598
444839
389997
377603
414866
437257
342350
406874
369932
408461
439396
413849
397820
370357
475243
431411
418710
382220
380238
401897
381799
352797
309530
472775
466414
455021
424278
428614
424555
481773
449581
368564
361890
433170
498552
394446
397506
467038
450381
340593
485636
354380
438937
420428
417274
374894
395691
426137
326852
443064
351005
346745
463669
416145
376804
451345
443739
369007
514637
331496
410032
362727
425975
455560
446843
363175
491448
343349
354472
319392
418226
453964
360965
376283
452313
439040
354220
372617
430514
460637
396865
469654
471859
469627
426064
486040
378001
358724
338784
443002
355226
359723
339173
348411
437428
366708
513084
418439
340142
373506
389247
350572
381523
361598
454505
430759
414320
437732
433364
348719
399895
440240
392412
475691
478629
389117
470703
476749
407162
446983
439427
441604
401470
346760
374007
437915
470201
430020
390277
388901
382769
341144
418145
423084
409018
408457
383527
513844
367115
385432
356664
349212
454942
400728
401677
432347
501664
449288
455293
478027
360459
466908
412271
506639
382316
412890
414102
421236
459493
498497
430086
455320
495804
410175
380985
418848
405102
416709
423480
472520
463278
384250
481056
402244
356133
347607
399407
350273
354995
393367
389520
310779
344864
421363
346996
419294
489821
430129
370098
482889
388385
391270
418767
479625
416471
377182
403367
387678
452285
409857
380551
475799
388881
388435
402016
394633
371002
491063
478998
401455
324387
337922
370661
345465
390610
357744
452311
486889
332340
462538
450947
430632
345840
316839
382337
456996
484520
465734
441499
351490
423917
459651
489237
474988
401171
452460
384594
504106
318423
445019
454855
447414
494237
364166
375175
491672
377019
413808
399763
407203
335226
344023
444330
390299
319933
320540
341379
459934
396333
358500
380120
309781
423276
457688
318249
400264
389406
366609
464750
383029
464325
489412
434424
384604
355415
459225
372414
443126
487389
348911
416858
416539
463914
328104
433953
445936
434099
392595
427597
503112
369812
346878
505426
484224
345301
404366
410184
406496
400013
338748
476251
346234
485537
363587
504654
484257
454852
373399
394577
456398
451971
461191
421378
481742
353828
356082
350119
483619
437320
402118
418758
471334
424098
401607
445770
370671
424615
368369
324497
345538
456589
474965
506116
448274
380811
434275
376173
437321
394684
465236
327796
342352
339764
356038
378428
422864
391045
327255
426250
354683
417053
465631
401572
433709
427869
403807
409606
453576
451461
442331
333173
462637
376040
469532
455716
466079
489513
441790
341512
333973
437085
410406
383216
432166
416445
491717
456845
465399
372816
356732
444624
370155
400990
339411
406963
392754
418246
480870
386996
390129
327436
376513
345798
456004
469335
413903
382212
346094
420395
378141
373028
407450
434006
443164
353136
428418
483690
402780
426610
426998
457629
438251
393262
363087
426682
446023
413548
380102
459861
394487
349507
383352
417889
332247
447979
317919
450588
483856
411363
410902
491812
487799
342359
347202
345254
482070
362151
352062
390471
438494
452782
507609
437864
364264
362492
446868
448899
363385
398313
449209
423607
369479
432598
507776
446429
395791
471332
439395
349868
409542
332701
470008
385684
336841
464352
397342
389595
424699
411827
424866
390469
511619
380373
473659
425868
468584
472137
400753
386396
353887
436324
491505
473758
479087
350327
319377
477374
413851
307941
413270
465529
464986
372643
429087
387837
423619
433520
401239
413688
451524
404493
489117
338677
408300
362769
442737
492470
412542
437131
416145
402064
421261
350609
460659
350811
481269
416727
469838
352107
404118
406861
386436
455905
409559
363044
421097
354365
450563
335240
345262
458410
412092
429121
346196
335066
488178
410594
469262
443900
497182
405371
377233
394832
448866
516147
376872
384770
435973
436806
418303
394479
404559
422983
443648
418426
382388
339344
373287
469144
356569
392015
480070
329022
391628
452688
426074
432204
448771
425105
425472
519720
358772
487377
376425
441810
407307
507637
333907
420685
447127
458263
478560
397298
394536
422395
438699
417559
391588
456660
361050
377788
448840
385783
414279
448153
453435
380872
506260
434269
402547
450776
445179
397591
397664
432493
415602
387066
334611
474554
467040
376747
448703
434044
374348
398813
382802
453287
392348
426200
484788
396279
463691
344926
409918
406522
350080
404340
467489
321924
464116
465738
449011
366243
354013
321546
367922
445794
411947
402232
339005
424415
381294
425222
467529
367828
449694
439179
393476
386998
461286
426325
496779
325866
438605
397567
454757
466711
479033
404577
349166
441487
424258
405572
340422
456638
435049
355998
375852
426043
330344
480907
330227
400264
408912
396315
444301
344567
344253
340474
387806
456409
374358
480438
359516
444820
355257
333744
413451
377671
436123
346652
363366
327861
427758
408707
401008
412957
487384
458577
353573
380889
382016
460402
428492
353706
401932
492932
343145
393562
416520
382182
444758
393855
340146
403276
470327
457045
382931
485770
395173
333913
434930
356499
417412
383770
400561
413979
405292
510098
446325
453405
433811
449805
399224
365895
382591
391036
471480
394205
488067
337206
423664
418311
401687
423986
476003
322612
387566
388463
404384
329116
381842
441240
443539
420737
400783
437030
375683
427901
399042
385365
452839
350758
331235
422471
463739
442136
445402
446119
420231
493813
357845
376369
474940
339345
455131
394667
366815
354262
317552
319498
354869
359780
408883
367704
452237
364916
435641
494170
484019
491309
489943
474592
466189
317292
390711
373275
336966
360107
455435
402165
468712
398705
430079
427003
344196
352610
435657
425630
440262
373263
443406
364508
350373
512210
454853
388620
399052
444843
453736
370756
394667
453218
466136
389661
438366
444096
385962
447290
407648
456931
440099
353181
348731
399376
463141
322624
478334
402972
352860
510642
334482
415365
360181
338911
457839
408593
336659
514260
435739
411222
326199
410365
372111
421282
464918
457740
448111
422430
340201
396717
426377
463553
399622
450597
437357
390850
327782
377985
385767
458935
432985
409716
423191
448331
439505
452733
354832
441942
350839
469477
448101
343518
408228
375800
468274
359656
418881
336230
387638
363162
426219
461521
402547
402291
339005
341158
468112
420540
456619
454241
352590
436261
409615
364465
335737
413220
410133
393293
462270
364825
378960
345726
444995
477381
421712
455704
413715
346843
338716
395266
412230
477623
400003
411701
415743
420975
377466
408108
362554
393823
465618
427874
432252
400675
347978
388998
457473
428840
412154
337450
379688
476922
331306
366513
337197
347233
408114
434267
353738
412871
417996
451633
493071
356054
449101
487991
394078
468278
390827
443290
476221
420467
453445
369417
384424
438823
430051
418359
378608
358797
415727
459056
413533
444033
460433
391026
418833
421025
371032
449009
373924
352081
386906
335811
366386
349301
334151
500785
520571
356399
516108
367947
456385
356551
388269
452434
367545
463291
452014
334818
424388
368602
347199
359714
413987
483454
353683
403684
381122
460600
334066
437752
400677
423467
371580
507742
430524
358355
408847
356176
475278
376614
393621
444478
401595
371483
403353
399488
326945
381630
401888
385256
347368
387030
377043
468084
363395
455571
454501
373670
335315
486711
457008
462573
508960
342031
493518
423031
342702
355838
483650
399141
350262
513488
413292
398180
329938
448808
350564
455080
386155
482450
418800
348015
451102
379377
337581
401772
379258
331368
493554
400959
352979
372551
421067
335915
410972
382647
414323
345593
394944
326771
398373
379652
477032
489974
461870
504645
324861
472024
315409
350813
380548
477955
323246
468985
430563
423061
352873
403653
328998
386257
499765
425313
379143
443400
443335
363937
384419
512008
448292
351388
339231
421057
473036
465563
508749
348379
356093
423009
410052
425239
428847
471201
386055
390480
389709
427372
460357
334127
396100
445708
358770
385405
404252
459093
354307
387974
452693
392016
418280
461075
412490
430851
431276
375893
348595
482648
355426
493875
340899
456328
335573
409252
511381
357442
383375
462436
477120
492672
439862
390937
366830
508201
503814
376057
328454
417462
392738
494707
499302
417578
406534
488478
433392
375956
483116
472150
465435
365964
396032
381682
501926
374485
472668
358103
446832
332834
456208
424865
472767
343051
449822
339586
348991
465171
495826
367052
385749
360385
349422
411326
424863
400462
394644
421159
357021
453449
487185
357392
414214
461910
390180
353837
477191
372933
421282
342296
446642
413224
412860
446235
503015
427953
415137
497847
401337
389159
483153
362525
412017
415366
437721
371256
424121
403299
501365
479097
436846
467999
326740
348459
406155
309891
480557
436973
482484
426900
349017
433961
371635
450933
497680
369670
456816
402916
370574
374973
413018
425057
361056
353405
488463
479866
413665
448646
491033
425728
319780
430743
360132
353176
394314
475242
379396
457675
409389
343197
338573
341290
357362
377560
497873
391138
405064
349244
431838
349991
387572
463846
447226
411367
451582
381406
375370
398717
443720
431282
429427
371030
391319
359753
382532
519586
467485
426195
424055
411197
431987
332451
428768
455547
418508
383791
438234
424407
442940
384672
357011
434221
357410
349016
404125
436966
388476
407969
358130
377900
441921
457614
420583
450727
430424
396256
429322
449584
401291
396248
435240
419774
341180
485088
350976
453816
441213
356040
424146
473699
415866
351132
450953
456925
383130
380019
390115
387675
404368
458760
452515
468989
315613
483636
351303
388958
465985
448216
467602
376368
328192
456851
381089
378242
403625
409344
367986
367298
402225
406290
383377
385404
442943
369925
411282
485094
316309
325945
318925
363092
440968
347375
469465
452504
358570
335688
382105
453876
364376
455701
468663
441108
320275
436906
380216
493472
510759
414126
403763
358141
326969
438272
419080
378222
447532
521103
404138
433358
398616
446327
470719
370449
423828
461172
354417
404867
350449
428825
462286
417378
373142
492632
462341
364101
442167
401786
328495
372598
477372
459419
498022
378602
368909
460974
453410
415701
324135
451845
427005
414356
389166
337546
417143
448142
346764
380838
339781
373693
450075
351122
425527
377237
343719
449819
474989
350493
369194
418558
504982
443628
340133
409374
389805
447117
331036
431363
420752
504280
422177
425275
399521
401454
366823
416432
387636
364231
372999
344913
401066
490606
449862
446515
400935
403495
509913
394328
453304
404069
367909
434953
388983
356882
360926
470857
445203
360956
418269
353717
466392
439381
494353
505246
381343
448131
491392
358051
416303
459979
451603
503540
420168
412114
415795
393069
405256
466364
454837
365815
408547
344924
487416
376807
444994
515089
494300
455278
395279
451588
365496
462189
426984
468230
355316
412313
330347
421348
314159
425807
387733
366541
461915
417056
464179
333566
418867
443634
357110
459161
353635
485791
509633
363496
318724
444490
421188
408907
411241
404506
372338
416980
339080
320703
401253
450258
465044
501480
432814
353151
340405
464162
446312
390936
339563
374455
491393
397462
395325
524365
364581
504477
442175
380562
399665
364415
419687
399617
380120
418329
462026
423345
422461
474945
475105
419803
409223
440526
379138
362905
424905
482012
399000
364085
340423
368487
421186
455310
426744
434349
474354
398838
496937
331167
458428
368211
420826
362685
381278
381916
433970
409135
445010
466663
380302
360003
329057
456159
411385
467360
437095
364428
495664
353880
474522
410718
385458
441769
503086
483278
387425
330652
401769
448768
441635
440124
381931
366341
403193
408310
461180
444487
460461
374490
406154
462441
408682
494640
392771
365731
443830
375889
372801
389480
475366
409972
404828
423781
432160
461560
397933
463762
407399
444962
406074
385496
425059
398897
444802
368581
402415
500026
364295
382793
367459
417822
408771
491942
428507
503166
422081
362172
445277
403800
466984
492855
407477
381665
401515
342504
407456
482355
440381
375084
466957
363129
444946
378264
420543
411546
365719
335248
356411
407927
478931
458774
475386
361642
490911
370823
357351
357249
436279
361906
349018
462375
503702
353817
410461
400106
416911
381358
456058
353383
451145
342930
440893
325899
501014
406621
414812
333524
315604
422612
476460
426459
397938
421280
398006
349099
388510
404508
470662
458287
400986
471283
358875
426251
354927
366981
417195
449143
411741
400394
405735
483631
349779
394252
422184
376681
411988
414709
382931
426254
373815
382885
448997
340261
362508
448075
326615
391510
360574
402619
379883
393324
440351
381242
396201
434848
487855
420440
363512
387802
313668
374995
400474
347719
470119
482567
406214
369764
440799
387320
400733
460633
431011
429787
387992
376265
347407
453045
382352
353339
341405
420806
328033
342032
448795
405172
348734
454431
446523
387753
408017
418412
328944
452826
479166
435305
349826
358704
336627
398354
332685
390137
407174
335435
387098
371463
476031
429599
396498
387543
455859
343415
397014
496109
466424
323275
360676
368243
398803
354353
422096
413966
435081
475569
455053
471970
411458
413159
363262
415000
317422
471655
492472
406019
407422
367571
386098
374286
450285
342582
371638
371086
380290
351512
347027
450013
351932
393782
351921
337843
370290
437034
425414
476116
462153
461129
401826
440497
365113
460923
470654
452073
517470
382171
333356
306403
524949
431172
425678
400829
414782
419610
453070
369721
497853
346506
461205
499963
379881
476582
458800
347340
379494
353551
363612
342799
434341
356031
379003
434756
415227
494271
332435
392279
468986
364229
371558
478124
484414
398530
386187
377561
347154
400611
370581
336137
494047
441470
412338
376717
461486
404215
340346
428404
483582
518602
452800
406967
383493
457883
380715
357203
331445
436380
404311
367943
353757
409091
381606
526737
349520
454400
390404
486478
344258
442432
355149
499892
461743
455613
489865
375789
397050
324515
396389
450813
331337
364376
345616
358370
363571
406997
456902
342807
395900
416375
340875
402538
519938
466975
355850
337518
407458
398278
423385
407544
477447
329613
341988
355089
488570
407594
432843
368360
356331
358415
465765
505270
361367
436098
504953
425112
462025
426701
409494
503498
336518
354427
375623
412445
358193
387710
369717
462273
487171
418691
447879
345617
437121
445401
357733
400580
431417
363531
440696
413022
504661
408605
410139
471794
465570
379566
445450
453413
368205
389535
496616
443287
330877
380220
427388
402171
411766
412246
306409
362603
375839
375401
311757
444871
482534
430318
506118
390467
368260
331776
412471
472762
401308
384610
347375
383211
347418
446720
411907
436141
336686
445693
343024
369845
460145
393635
325547
445859
386981
356315
427638
474982
441015
333579
381593
515775
504731
333574
356219
473744
393422
469819
450064
431001
479168
451530
471664
465168
414466
469881
404556
466499
383668
358541
439057
373259
336841
436913
444416
393454
334166
392077
363235
377456
347811
343892
382552
392819
479505
469858
328331
470615
492039
402980
406430
442227
426401
326792
387446
380237
421753
361951
479231
449822
446993
383632
369233
457189
463236
391227
369732
340243
358965
387919
340333
405231
372090
358197
467542
352357
343735
406023
434383
353283
467825
381448
361229
452741
449738
313724
402222
400036
492970
350210
386028
389847
371707
423252
478936
476503
486732
355766
348188
393576
371356
366213
356827
429456
404813
450112
341470
487556
416128
360367
426831
450740
478236
367949
380986
491000
389234
478168
419483
425377
369374
442595
359011
354965
454531
505882
333211
427330
448901
321125
469104
372822
447673
363615
401440
402128
359821
386362
497919
376223
479754
355622
506570
516087
445360
366372
369970
332198
474616
381383
355037
359805
329432
379521
361556
355631
437032
343718
375005
360267
436255
475871
369217
407341
384792
464008
379320
397860
467713
363418
421854
359502
345035
393048
398665
470853
414644
470017
397002
433490
420482
404914
483918
421168
370164
412594
305501
364208
340446
389546
466513
502682
365764
417618
393201
430893
444354
427762
350181
366269
309511
340021
407035
411846
409736
469257
398574
415424
507474
378840
366186
442427
341728
523694
331024
416756
471780
372343
428475
450018
455662
466460
415156
397645
416993
365007
396915
378404
407090
461059
380053
487987
486214
446094
338188
458671
454402
445427
321011
401419
486857
344516
445466
383011
411717
489636
460016
352976
376992
367016
349057
417046
392258
462741
396585
401692
414130
370595
373052
372167
458676
362758
364783
438070
416817
370387
484750
494902
373774
435174
462538
452317
399736
466678
406711
375033
474300
424460
478972
355592
303591
467767
468746
467187
349389
346917
359043
421471
314923
438946
319815
393158
417706
438849
341746
378078
399016
460528
406800
379987
443093
456829
471181
338306
338520
435773
378360
450526
387045
483975
378696
426766
462411
489504
381904
428893
368730
445936
346353
503110
403587
392509
405178
477840
383034
397510
377201
441804
376807
373767
355069
508249
443544
402868
351313
391338
432231
391857
344374
383351
428415
481068
365128
398871
483395
371769
399830
466566
431068
341154
347061
439466
413262
423102
439739
475050
490945
412150
447713
400530
391104
403405
458397
365451
355872
458569
334487
378773
375009
497684
469999
443147
373460
357250
460271
430695
390790
346520
436078
372323
406208
390775
359507
354415
360556
348200
447357
453717
315734
432740
450571
495075
358857
463489
425012
399080
374452
517064
468481
331811
387473
480634
439356
375440
440766
331152
390690
394631
367238
355639
367375
451208
361380
361008
439964
450405
371276
398577
364974
380715
416251
391452
473537
365505
420182
396265
348785
383922
381218
371442
471827
434748
403043
513580
459536
403887
338385
402935
381003
436302
404674
437947
366913
463411
376479
428936
350855
371783
368147
381545
355394
487816
425813
440772
399666
431827
402315
397573
411774
415275
429341
462742
452506
492020
496641
393206
349618
447839
473515
323561
400093
383161
433014
426067
390607
505240
381170
461971
472427
337850
359522
390888
379766
401063
441955
455791
461913
407323
475262
359174
401890
336852
331782
352116
500172
486483
429079
352313
437792
399265
366674
349471
395548
487785
414302
377948
367322
487211
322476
421200
507328
406992
353753
429802
464663
408253
450141
442688
340331
465370
466772
442303
378912
452623
412911
390401
407085
376440
451078
423558
311661
323241
463867
339155
423748
467421
447413
373142
372368
436707
445216
408930
455706
463275
383366
347077
428110
430196
310685
438768
400829
352152
356859
429571
354227
393701
455037
378139
380625
365175
422370
364258
354815
335007
411213
437672
416805
334963
355485
356044
413098
355684
423971
359547
347834
373863
320822
425812
329849
374292
432668
404336
373460
429159
345606
389110
450620
438857
458089
454565
360352
360994
421984
451135
401313
366467
373348
319449
469789
369253
410289
357836
345131
400974
407813
346091
329711
384748
437827
359789
407356
505547
322418
461167
392557
443908
389469
410652
356497
435317
417332
356862
377762
519183
379581
415942
486843
495840
435230
428706
337800
466534
421506
445155
386693
358698
376695
443990
470199
335715
380750
362757
352968
411817
463477
422035
443187
391185
414859
425312
369439
379110
351129
433508
357918
434515
405293
458264
486671
425672
432514
392353
457695
470540
433347
440694
409686
477304
417011
473761
405082
510559
433797
478413
497827
411384
502375
413879
461259
447353
437782
362096
399397
347966
451292
386554
434408
377054
447529
391421
463199
348575
413100
324193
377382
420973
472271
469534
460730
458850
468830
457583
426482
403812
447361
428367
328526
367184
413742
403790
337028
377191
428681
405579
496532
470535
434731
392782
374887
464285
491328
382401
432640
344459
509691
490137
363896
403796
418790
359314
354532
378233
494212
369516
388052
433692
408337
373861
434680
410236
438887
382203
455237
460351
426031
422731
417796
352321
425036
507572
384950
511003
433485
355758
385551
398988
426777
471949
465812
389053
374300
402228
349082
365809
349566
329247
347647
459447
431206
489880
505061
399628
427708
498747
333547
453813
493312
364536
385076
400660
409074
430742
391685
418572
436951
356066
392197
380635
430658
383670
329663
331120
494579
468891
386226
396153
497084
373483
494973
502232
349868
432360
352864
433882
343269
420948
455560
397803
464744
380164
404018
421756
491423
500551
406019
354359
429193
396497
364039
344079
500980
399703
479720
449407
353924
374208
336324
438685
371204
445439
449657
433237
413024
370735
331247
375066
360497
499234
408731
453573
412961
465640
345127
449741
388466
410168
393620
400107
433074
404091
335098
336078
442944
366630
533890
344235
464767
371739
447178
445918
369641
375217
414309
333582
456978
356984
445855
323283
430744
367795
472195
433513
461552
381406
438757
426579
482954
455947
458821
488049
367686
415892
344494
426207
319967
409049
404107
441076
480041
485887
501588
460200
374006
357840
411772
390302
372481
364348
348841
473288
348373
377825
489964
458498
402776
468568
370050
345225
419189
359927
416365
368453
371033
322816
420184
459092
387565
408027
480918
409539
459753
422651
507733
405006
404829
353494
445585
449587
479266
496741
396234
462567
397099
417888
402263
347007
335948
439961
426319
484734
479393
437818
452067
337821
325893
441402
458378
425685
440296
464376
468596
361259
429559
449851
471188
405072
470585
429203
366466
412407
404328
347156
372017
463486
410385
317899
465354
388965
489122
384959
315549
343982
463422
410538
364754
359873
367029
513179
432755
348550
424168
361374
412190
367071
387606
411932
375451
377940
487106
465867
461280
459712
332232
326038
390751
493006
365745
347209
456205
407089
443341
416826
400407
432869
304420
379093
439727
463837
432564
359779
449337
501012
413055
456979
473535
368790
359168
492746
444464
473167
499149
347996
420697
453509
346143
382413
406797
456689
402714
322301
390514
395443
404242
406361
392536
407773
394395
336963
395400
345897
339229
496362
428040
365486
330384
428302
449520
380324
377262
401011
454068
395330
392403
347007
402868
416640
330961
379298
353377
449128
388645
415673
406078
351411
385653
394388
389815
404471
445567
385305
389274
342771
353623
367615
399191
397964
380362
502695
415517
431620
431626
376800
413107
333006
324424
457928
388999
427397
413858
396381
428897
335751
489500
406267
510443
361785
384808
450239
386270
407071
412169
447575
439222
419964
353398
334498
341306
340901
375009
375175
324299
531243
423657
334220
339276
489360
334972
462055
426839
370215
433903
386311
488328
414117
363904
359533
325287
387019
452038
482833
494437
353965
357172
448595
407516
317777
436877
447468
361806
356232
464536
400344
361059
413297
456001
364680
501770
372393
412069
499147
517138
428231
458536
458877
442162
455656
443046
461479
349274
457917
377489
457010
323417
428357
468225
375587
383313
398241
432787
480748
363720
361592
399929
461828
486734
391286
468668
417554
406706
455723
475793
389686
413200
381104
348564
371146
401679
345073
372751
396389
425217
331732
397278
498823
448459
424978
484461
451102
384008
377759
346080
453477
441815
339921
447479
476114
434974
427026
462878
395859
418875
460892
411988
354136
350006
404380
467068
401064
463033
466709
468363
409550
447299
353877
421917
392604
432355
355662
434343
352975
446802
417150
417902
438443
468430
363132
422991
436871
378718
415685
410172
403434
446453
398838
324290
494902
452032
409544
374323
496390
465101
359476
331143
359175
456591
496832
463040
356903
377077
431026
468395
376122
331636
409927
349026
487590
440069
385979
379081
358864
336107
330622
359503
491768
426370
415526
347993
405723
368805
353631
468016
446864
487499
319462
468821
339920
399062
424030
404708
371041
406724
466860
382163
419625
439838
398461
338725
410636
312874
459349
409127
425728
482960
390659
360592
345630
329925
463103
404472
436251
493116
405152
392818
435606
421456
378501
460689
439389
468948
341177
455789
479534
494209
416864
351541
347077
504473
364526
353381
459346
420265
355716
365524
461927
435198
384508
346191
384386
483151
418090
314385
417964
379595
442152
470301
416445
442682
360438
410052
459403
445969
338625
497364
440830
476780
373330
414989
468535
454735
326619
323504
418739
349806
474282
329907
368777
481448
525782
410192
465140
471959
363037
384987
401066
464413
394747
356933
361589
437115
399049
343914
414995
357453
396371
418694
402137
471537
487663
415347
459792
372278
439045
394955
385233
478784
425194
363642
357625
498401
356009
478591
366086
344758
404795
392345
385017
412983
409076
430839
363137
419153
381561
456054
396615
499191
491468
427666
487174
436122
468929
368459
466204
378328
357423
397030
409577
442729
423840
423619
453373
379026
449404
334106
447324
342553
450792
357563
403934
453969
437051
401062
360894
393665
450012
410830
425972
452892
374269
399881
481998
366100
342654
376806
425506
451800
445615
433350
460349
425842
381648
359489
420009
429439
442531
434433
348723
466018
473913
366661
428196
448844
415408
464735
474448
422748
420435
504315
494617
356723
407220
453532
468750
397645
493443
365425
410399
357121
438614
399246
465564
394771
374818
515886
344468
430813
368293
347916
381282
341637
425384
479193
478227
364216
354356
402929
460791
389333
360891
464728
449478
403981
494699
444749
473316
429431
442415
343771
518905
456595
400502
382467
516302
333243
382329
430056
310489
362979
395258
444610
408050
381618
396361
385147
413409
364562
474687
370229
506698
345397
434509
387040
334139
320625
480484
325647
441423
354070
491288
456178
395138
437536
488668
421250
403099
461313
457181
350864
481882
434196
378482
376165
402097
339535
423834
453323
380177
458072
448856
452820
461723
448942
412729
435722
454402
411796
400720
394043
430741
417835
425573
432297
432558
473847
431949
420097
399779
410136
387835
380067
375714
406361
407430
367197
422471
400708
453141
409912
502155
411013
437074
433720
416490
434672
319654
377616
387949
392965
384952
464560
482679
341039
365294
372212
394610
462269
370394
374654
450847
410426
484832
496225
369874
470221
391311
360770
382768
458934
423998
398221
330340
362504
494917
366277
423982
481416
502421
376316
444305
370058
388658
354960
467634
397493
499690
362219
381270
402339
473722
343468
389419
395714
471967
333607
395550
382759
406682
495908
484977
463472
487130
411694
358121
345518
395195
443620
378718
360266
461973
353382
330624
350578
435870
420280
342350
444803
362490
351986
417336
392927
415644
384542
450002
372075
386969
425572
351609
452333
435141
405457
414814
445426
478855
371636
440933
399681
411602
343276
390808
365132
379858
402522
386067
389205
427598
427956
388712
404336
481561
430879
369768
373915
463452
379210
449778
356822
385320
452496
469058
342021
416339
394318
344306
510359
451704
402662
406364
410116
462329
468705
459633
328770
449633
464453
433652
407913
414660
320198
384440
441269
484592
349908
498578
360526
467717
349152
374776
444095
373528
443329
451218
362116
380934
327618
444711
372406
384968
352571
362050
447223
358838
400952
435712
378648
403447
338981
357267
435829
351396
361545
417943
462074
413761
434085
402136
381139
368974
444724
413605
374096
449649
430124
435941
346816
367518
378314
403982
383517
411185
377439
404757
419855
360012
461995
376073
386105
473096
447211
412473
432158
385956
364979
377725
453271
365172
346256
371755
444113
472423
402354
435778
456731
331910
456173
374378
355068
391215
417372
513659
354814
504306
362382
368838
487002
484604
472989
347089
364598
396818
417446
383591
342150
489613
362902
370185
339787
347090
423254
432429
448523
416300
420539
404555
443563
481680
359825
433444
420461
444343
465871
488455
462525
338621
418373
370136
437398
444255
496185
372306
359524
387550
462622
355512
459999
409190
457246
369627
449336
482105
455725
383978
443659
430172
385250
474226
461284
458425
380444
391369
477610
493263
332103
436618
470548
422257
348136
338316
339021
431081
348209
456494
436673
454855
359061
395757
466752
378720
374485
406292
407168
421788
424436
486868
370512
482567
331633
467993
445276
355448
384015
432053
386432
345569
351737
363361
498242
427275
452057
489668
460537
358270
493591
429989
456654
375415
485001
476292
496046
456860
461321
364678
389142
436504
439788
447044
362466
335264
439445
336882
409395
414209
457589
439289
418536
365382
355862
448481
467305
386887
456966
505384
465471
322728
353498
475627
455657
367869
482983
471822
399537
377036
404391
416260
434686
485067
398294
439049
380507
459915
441793
484361
411179
342218
456337
473315
507866
483841
494855
379344
446761
389711
481033
379107
335504
400663
448612
354947
341225
443856
377834
376702
408408
432472
411961
368678
408047
342598
494907
357936
485907
476744
486378
355528
474744
463953
404859
503424
400641
346067
429555
443080
345430
495753
348543
431383
387397
414298
440373
373210
438923
327594
405227
409820
504131
369916
423855
449119
434072
439053
347885
350647
439117
444313
458314
477446
368139
432013
493332
349702
329207
440476
438368
422298
420533
415633
401652
366672
452225
452897
319590
402069
416274
412161
465376
368101
408191
460393
358378
438734
358572
364975
375758
432821
374268
514025
472956
427925
367514
358003
483100
462422
389320
470716
460432
373474
386644
473200
376725
359899
514800
436530
435284
483617
479461
396866
315625
451971
446872
304358
405185
407944
452962
383924
409010
341953
508759
370472
368760
441536
474981
445661
434975
393193
472442
405179
340687
377406
466314
371272
443763
430972
489440
371563
384308
384790
355514
437534
385835
360531
415864
443537
416755
348601
427441
374581
447299
361235
400898
479462
363065
454756
404297
401998
493916
366505
368605
358529
370509
399369
425751
460270
359688
374516
334497
319181
439629
442366
364245
400613
399117
499869
351747
387417
441917
405966
519252
469855
348568
392814
433888
434119
401953
400207
369298
444538
508963
384414
402968
457688
428466
368296
440683
450356
393623
362291
412648
373745
384656
487626
490418
473038
490760
383162
336535
477735
368973
399667
478737
469424
313600
398225
460978
381553
393306
349950
408960
367576
464081
406141
405541
414135
456973
374893
370037
444224
479614
469657
339057
375835
439378
359342
415210
482913
395628
403627
389329
374479
352852
383370
437740
408232
311160
427794
437315
508490
352865
418034
441523
440744
340681
468146
436683
460836
403200
312680
396815
369768
453058
436201
446110
342755
441766
420313
355720
427348
378352
441595
343396
428837
365513
444153
489247
405209
391136
420335
363810
450093
422606
411801
391292
342626
423334
398669
369896
325908
362513
462763
457105
426402
463771
417456
393407
437066
433673
477012
379815
449451
398822
433765
383394
503987
363555
316346
410407
490617
390910
490687
306516
385857
343870
503585
483335
403012
406471
409630
449817
459094
381220
392546
448156
359094
398872
478580
419332
376632
471530
380581
370721
477555
386038
380521
340875
419376
335449
317933
482804
397640
429572
433896
362004
470870
322476
441824
478802
382247
369978
348759
425453
433571
439530
334421
467981
439362
401816
417979
400938
349070
352783
390232
335894
427394
360788
405651
477696
350765
410440
413002
455510
501745
364904
454577
409547
368865
435457
503152
391683
360419
335477
431808
481312
381378
474298
425689
495745
475775
357983
442843
386802
464307
366857
432109
469829
507234
448076
420819
441413
348125
454451
480358
396563
427465
449123
354495
490819
461422
444864
359307
375309
452865
441501
416643
461135
371726
442941
366123
473738
421161
408073
445049
364291
437155
381945
340924
392063
350643
310122
422415
338114
466094
367331
420220
326143
473822
478582
384946
388880
375105
425982
451244
456865
393995
344211
366640
472087
437846
476041
451851
406124
343307
394922
446537
371769
411469
477109
455978
418525
444588
467073
370232
457362
484374
414052
439066
361445
443651
363383
353350
493187
457842
401945
452612
440089
464891
357988
512168
348034
521489
427102
366577
350253
418478
466254
480069
425967
409739
469789
400203
459361
362460
431733
436683
457590
404041
426525
375748
450671
413483
371572
353678
332587
387700
422331
405114
349775
455356
323068
473889
458199
334404
445387
343354
415418
413084
389724
381926
352605
475731
439522
363832
352771
394763
508934
447267
431839
451460
347502
368898
326347
413924
405023
520330
328682
422863
450950
417088
385187
405008
341691
381046
443616
389651
498550
514568
379142
429301
490607
471569
396831
360239
358627
363937
489197
438125
496540
468687
473600
375026
381901
460658
418283
415035
325739
462753
374688
407908
450704
366791
435926
471128
467317
481660
475364
478381
526246
446782
326664
328919
350755
371168
366135
457261
454854
448253
492420
329323
356906
469619
409747
350175
368235
411348
401207
439947
507619
346395
456273
345989
343248
498984
425072
443324
460849
479356
368134
468700
390512
317439
358323
394833
411928
447671
470005
489047
448043
453212
453807
448756
338291
344263
409588
374044
414678
455728
424697
376884
361816
492701
468665
358427
374255
469410
377829
380256
346403
452148
360926
433632
356039
430506
446015
383161
442834
359307
428149
380762
376346
365990
350226
393294
382790
463372
402377
374638
460347
415865
418372
457629
392583
377336
396362
503862
424928
400836
505906
409725
411950
357294
335298
493061
443024
408899
456706
369538
447648
480625
389191
479091
442257
350866
461125
405437
355481
388872
379179
400884
323965
425434
374436
458621
388179
421718
392826
394296
483006
365562
428647
431840
433439
353096
397193
330426
394924
353242
314313
340710
418073
454788
437634
339429
425414
438678
485856
328386
358318
415074
436995
415707
441075
337343
424445
417822
381638
348641
488819
399207
408681
428438
416405
327894
470286
352794
477150
408916
467388
446043
450767
510320
487681
457535
434022
452309
428299
519107
361787
386618
377959
402723
418474
436821
441523
347137
416726
386661
426179
419230
373088
372398
411937
468293
434296
449508
501504
326965
384470
329831
465634
359504
395306
358534
478749
413521
353354
509503
351664
405630
378227
398852
418508
362158
428293
383275
344596
345736
371427
478665
382869
507730
417353
490839
496666
380562
392735
334917
386427
499425
475402
475199
354750
444251
458582
437316
453060
462168
419753
473390
407578
391953
503104
431292
404393
336756
444952
384473
387674
370607
375781
380557
362604
354523
372076
377970
351777
393781
407954
442990
350191
391671
362012
456834
383668
461831
434284
335240
450280
396188
432400
497982
390684
424101
384625
372493
457771
355319
360901
457209
362404
428220
438161
412952
498197
482467
482371
394593
394181
442408
351208
461609
412806
327608
450018
431170
477042
498972
376664
359804
375297
411993
471773
385308
414901
440190
337658
342221
466977
491112
311556
441997
507639
506172
402928
370090
474991
427424
401409
356768
444484
377123
468158
343922
419578
461648
408810
455930
507998
347439
351818
474170
371723
378840
488972
383481
405624
409626
455169
441920
334178
493600
444221
398997
412479
453271
411809
357256
302537
498083
512340
359384
440214
395830
425145
358601
459267
469868
488261
397630
399348
392960
441757
425526
390224
482048
461778
371558
415477
443549
361206
386100
389449
409939
384178
478784
396542
454770
324465
455799
450465
364813
443235
418174
351699
456133
342077
407652
334036
421936
321196
362253
459980
461470
424718
335787
441028
466332
497307
378480
369698
417162
473533
459183
434517
480751
330799
499854
464622
321047
368288
359021
432657
443596
336741
406462
352763
412756
447100
396043
374627
448949
473885
343318
491235
368038
460572
500655
440315
380941
403763
379227
352628
416792
382691
353186
407025
414312
471021
442776
354922
358059
345191
489968
438017
365612
389997
421981
410353
453415
460158
366959
408120
414494
362440
329755
451561
474353
429896
379537
360342
433389
331279
514221
419290
501389
372653
465755
341149
436635
498492
374847
343796
378086
408543
493644
465119
397936
397230
422040
492379
346709
385648
453400
365022
415641
344634
461693
404657
329707
452465
462605
455073
443732
445741
366399
359439
393648
336573
479638
382209
410614
339568
484129
438194
394362
444796
351697
413872
406343
380219
466913
382471
