2041.25
2080.31
1977.49
2077.12
2040.96
2307.14
2069.57
2131.24
2424.86
2347.65
2295.45
2243.22
2156.3
2245.44
2147.13
2093.39
2041.78
2153.92
2094.43
2297.27
2323.11
2338.25
2351.92
2146.66
2101.27
2514.38
2281.67
1978.55
2164.63
2107.68
2067.41
2070.66
2271.14
2141.1
2123.2
2112.44
2131.04
2241.64
2400.17
2069.15
2104
2298.55
1967.18
2153.09
2319.83
2402.66
2101.56
2105.31
2452.54
2334.13
2351.24
2163.68
2333.51
2261.86
2135.73
2227.57
2185.46
2474.08
2163.89
2433.78
2302.24
2379.06
2383.34
2253.81
2377.94
2163.1
2060.29
2212.84
2337.39
1942.49
2204.26
1944.47
2290.18
2331.66
2056.37
2169.67
2377.23
2218.29
2275.94
2036.85
2314.8
2077.32
2348.06
2398.68
2243.51
2133.83
2220.54
2264.57
2094.62
2228.81
1942.19
2236.36
2119.07
2145.29
2247.73
2227.51
2113.34
2300.17
2047.84
2255.92
2336.76
2102.17
2244.27
2227.7
2099.4
2254.79
2256.31
2300.58
2066.89
2168.37
2103.54
2121.93
2361.4
2125.09
2156.08
2212.55
2415.39
2133.23
1908.15
2239.86
2310.21
2145.5
2240.48
2011.51
2203.28
2137.86
2099.72
2064.42
2390.93
2317.17
2297.47
2230.07
1968.74
2335.01
2279.74
2217.86
2337.15
1937.16
2410.35
2383.48
2238.59
2339.67
2061.55
2152.86
2310.71
2160.32
2028.01
2126.55
2275.63
2018.72
2258.68
2483.74
2070.62
2128.47
2095.09
2166.68
2105.93
2178.7
2531.39
2267.39
2496.58
2160.39
2355.08
1998.55
2054.38
2333.64
2390.01
2124.5
2195.4
2440
2352.21
2440.87
2394.41
2205.43
2241.58
2227.13
2243.72
2320.7
2255.72
1931.15
2118.87
2318.08
2341.5
2204.53
2427.86
1988.71
2230.58
2093.05
2140.1
2083.04
2014.67
2434.64
2339.31
2354.18
2468.25
2293.12
2387.07
2111.73
2432.58
2325.16
2212.75
2162.5
2362.13
2265.89
2205.67
2362.2
2361.71
2418.68
2308.91
1964.9
2102.2
2212.84
2215.54
2489.59
2170.87
2358.45
2231.46
2077.91
2087.46
2280.91
2264.54
2006.31
2174.15
2024
2430.4
2247.67
2334.3
2328.93
2361.87
2108.48
2386.74
2012.32
2263.42
2119.95
2362.68
2396.48
2239.19
2194.8
2179.96
2283.88
2305.37
2040.99
1953.88
2311.01
2142.02
2246.11
2249.54
2150.91
2177.3
2537.58
2035.49
2368.94
2076.05
2295.3
2384.93
2062.01
2111.29
2328.16
2026.14
2226.21
2177.85
2293.81
1867.88
2286.61
2134.95
2387.09
2171.91
2452.46
1952.91
2444.97
2255.54
2190.2
2491.45
2341.07
2188.59
2164.44
2139.07
2308.61
2347.09
2114.28
2245.3
2209.19
1960.22
2159.68
2168.06
2104.64
2161.14
2138.75
2473.74
2080.38
2372.4
1994.94
2325.67
2284.37
2362.6
2152.14
2352.3
2287.49
2243.87
2025.52
2308.11
2233.89
2504.52
2207.92
2260.23
2044.15
2163.2
2035.34
2394.42
2086.1
2254.65
2371.91
2226.27
2067.1
2420.03
2230.08
1909.21
2160.02
2222.39
2121.78
2151.37
2298.34
2256.64
2215.35
2515.15
2001.2
1934.21
2417.21
2427.92
2034.53
2269.93
2337.33
2210.46
2154.32
2022.04
2165.56
2477.26
2167.71
2156.36
2293.17
2264.55
2221.99
2461.98
2371.72
2189.29
2402.49
2393.94
2318.37
2063.21
2446.81
2376.78
2203.73
1994.04
2178.03
2110.2
2327.4
2307.53
2282.19
2114.02
2012.06
2216.05
2240.3
2137.77
2111.79
2162.59
2094.2
2279.85
2403.11
2017.99
2067.23
1982.42
2360.1
2508.31
2416.31
2150.03
2171.95
2404.78
2365.03
2146.14
1943.11
2140.26
2402.52
2382.61
2178.06
2293.57
2122.6
1914.79
2254.16
2292.84
2494.26
1955.67
2167.01
2249.68
2034.63
2222.31
2520.99
2229
2296.27
2426.22
2249.92
2237.13
2254.93
2427.36
2145.26
1975.55
2136.37
2288.03
2426.49
2176.21
2285.71
2078.55
2071.88
2174.25
2369.27
2510.53
2032.84
2329.7
2190.22
2308.53
2083.78
2128.75
2058.8
2430.17
2369.41
2098.7
2042.34
2243.2
2169.25
2310.44
2239.12
2075.11
2283.43
2075.7
2173.28
2143.03
2177.33
2155.02
2327.58
2168.22
2303.47
2458.74
2166.75
2309.48
2342.13
2319.76
2378.91
2134.78
2315.22
2203.63
2498.72
2206.54
2151.79
2403.91
2438.86
2435.89
1962.47
2086.11
2140.81
2239.91
2395.62
1976.61
2452.35
2397.13
2257.18
1987.84
2433.7
2301.07
2218.05
2239.4
2095.27
2174.56
2472.35
2018.82
2250.08
2158.71
2378.01
1976.67
2268.93
2016.63
2088.41
2203.29
2265.32
2156.74
2189.52
2103.39
2087.79
2007.43
2266.96
2143.35
2068.11
2024.38
2310.23
2078.48
2288.82
1986.48
2183.35
2056.38
2203.56
2337.02
2328.9
2301.38
2358.92
2506.35
2303.5
2443.09
2139.31
2448.74
2397.4
2126.21
2388.08
2145.74
2096.38
2371.57
2219.42
2174.98
2105.01
1968.99
2395.97
2236.07
2304.63
1940.66
2491.46
2292.13
2192.39
2099.4
2165.77
2115.13
2027.77
1985.55
2392.06
2431.23
2232.38
2405.32
2055.54
2064.08
2092.22
2279.25
2312.77
2197.81
2183.07
2501.58
2212.52
2122.45
2147.08
2310.49
2303.17
2461.85
2226.03
2082.03
2132.72
2120.63
2169.7
2236.11
2287.42
2336.17
1948.52
2205.3
2229.96
2255.59
2483.72
2220.26
2144.57
2431.75
2355.83
2195.08
2017.62
2464.03
2032.25
2365.75
2196.88
2315.48
2127.07
2058.34
2507
2247.58
2264.96
2247.86
2358.69
2335.05
2078.37
1963.2
2147.24
2246.55
2192.16
2162.25
2153.36
2266.3
2155.04
1948.75
2015.23
2004.11
2176.91
2469.5
2206.6
1975.39
2125.12
2041.98
2509.66
2076
1996.27
2306.7
2424.37
2034.65
2169.78
2315.03
2179.86
2046.21
2326.2
1952.27
2395.94
2086.42
2048.87
2363.35
2051
2258.06
2268.57
2467.87
2306.17
2448.47
2069.1
2423.03
2069.55
2271.57
2188.49
2252.82
2048.97
1964.19
2367.78
2078.75
2365.27
2292.56
2381.5
2259.78
2115.72
2055.61
2189.58
2100.6
2058.71
2056.73
2393.56
1916.35
2359.26
2551.82
2327.07
2320.75
2305.8
2330.81
2080.68
2292.49
2005.6
2436.37
2242.08
2112.37
2409.74
2217.7
2202.36
2263.78
2194.6
2410.55
2470.8
2218.23
2204.89
1984.76
2174.81
2229.63
2409.45
2289.03
2335.69
2341.04
1944.34
2314.54
2485.02
2439.25
2298.88
2198.04
1936.69
2277.2
2405.63
1946.52
2170.46
2293.24
2078.06
2265.79
2189.74
2161.24
1944.43
2210.91
2342.35
2335.76
2139.15
2317.99
2011.87
2164.88
2421.58
2223.9
2273.6
2343.33
2394.08
2140.96
2131.74
2214.67
2304.38
2348.07
2320.75
2179.41
2319.33
2342.44
2192.35
1952.73
2175.74
2240.46
2284.15
1958.83
2004.54
2279.34
2043.77
2139.14
2012.98
2370.11
2050.92
2184.87
1938.45
2227.08
2213.34
2074.42
2138.1
2109.43
2411.65
2073.21
2211.3
1940.26
2292.39
2080.1
2145.71
2439.75
2349.01
2081.03
2215.45
2319.28
2382.44
2410.69
2253.6
2279
2269.71
2240.87
1895.68
1989.68
2044.22
2309.27
1972.63
2199.03
2363.67
1950.59
2118.35
2071.28
2302.23
1974.7
2077.43
2183.82
2133.3
2446.4
2171.08
2117.93
2315.58
2308.13
2313.25
2419.6
2087.02
2140.49
2283.62
2478.88
2058.1
2452.18
2319.39
2243.77
2153.46
2339.01
2117.99
2120.95
2269.09
1980.74
2423.46
2163.47
2312.03
2529.02
2516.8
2353.15
2487.73
2089.56
2207.41
2232.7
2322.83
2240.09
2314.52
2123.51
2391.12
2310.57
1910.19
2267.4
1958.24
2369.86
2101.58
2125.15
2098.28
2150.77
2343.31
2128.63
2216.15
2207.72
2175.54
2512.81
2072.03
2433.1
2291.28
2205.77
2163.7
2431.53
2119.76
2282.03
2537.51
2397.31
2012.09
2422.88
2061.46
2365.88
1946.84
2293.4
2094.09
2114.86
2200.89
2450.66
2178.82
2205.27
2443.78
2303.95
2202.42
2058.89
2313.86
2322.25
2237.41
2319.23
2330.86
2039.29
2244.3
2342.16
2355.35
2239.56
2149.07
2311.9
2167.93
2177.92
2235.19
2202.15
2467.71
2209.82
2299.48
2010.66
1980.57
2360.3
2338.61
2240.6
2095.68
2175.61
2346.45
2365.81
2083.64
2091.77
2432.9
2227.37
2144.62
2269.06
2317.42
2028.16
2386.08
2076.18
2319.64
2207.7
2186.57
2312.14
2085.04
2166.95
2204.37
1915.74
2204.87
2081.23
2306.7
2225.56
2298.52
2114.76
2459.68
2297.09
1940.58
2263.66
2179.62
2187.81
2381.41
2189.28
2111.35
2313.9
2350.88
2052.4
2128.29
2510.26
2332.91
2453.58
2355.67
2444.29
2134.09
2213.18
2113.98
2131.69
2375.98
2350.47
2102.89
2484.18
2078.34
2490.57
1935.01
2476.16
2130.18
2246.56
2374.99
2099.24
2362.62
2401.75
2154.3
2209.65
2202.24
2399.13
2329.72
2475.11
2357.99
2272.01
2253.9
2039.95
2327.73
2327.24
2353.65
2066.45
2277.26
2189.63
2363.17
2084.61
2062.57
2387.11
2417.44
2199.99
2266.52
2135.75
2261.56
2128.02
2174.4
2322.36
2188.42
2242.5
2219.23
1993.21
1949.39
2411.54
1950.77
2236.66
2338.66
2065.89
2103.02
2138.89
2102.05
2375.27
2056.98
2336.89
2333.45
2213.63
2001.78
2065.09
2304.94
2302.95
2042.85
2222.74
2206.56
2391.23
2107.51
2281.58
2456.29
2260.11
2108.04
2005.16
2353.4
2185.98
2235.34
2095.95
2407.48
2358.35
2152.98
2419.18
2169.92
2305.22
2216.34
2147.05
2012.31
2342.68
2463.14
2537.16
2321.6
1923.38
2350.17
2315.5
1958.77
1956.35
2271.35
2237.07
2148.8
2183.36
2139.35
2063.84
2240.14
1963.83
2186.38
2270.11
2250.51
2165.99
2023.62
2198.28
2153.11
2472.69
2339.16
2115.82
2418.86
2327.09
2281.66
2454.82
2224.56
1944.82
2162.16
2434.08
2335.71
2031.41
2375.73
2291.71
2196.07
2235.94
2014.22
2207.38
2131.94
2236.46
2309.4
2120.62
2184.15
2013.34
2179
2396.95
2093.47
2191.66
1968.98
2190.76
2415.27
1937.08
2445.51
2300.04
2279.09
2278.66
2343.36
2088.03
2201.63
2362.99
2438.9
2009.36
2109.14
2294.42
2223.02
2049.93
2140.58
2247.24
2252.91
2031.85
2033.55
2165.01
2084.4
2136.47
2159.46
2321.27
2345.52
2003.24
2109
1967.96
2290.71
2078.21
2255.1
2018.31
2189.33
2089.32
2066.69
2178.42
2492.69
2358.28
2438.11
2335.07
2050.82
2366.7
2039.69
2345.74
2484.37
2463.06
2029.23
2135.55
2259.89
2020.18
2156.82
2508.27
2081.59
2236.4
1989.6
2232.82
2387.28
2261.82
2113.69
2402.16
2300.02
2066.5
1990.68
2110.06
2118.09
2047.67
2258.3
2125.56
2270.92
2240.48
2487.42
2176.78
2211.03
2073.85
2154.37
2200.91
1972.18
2191.31
1982.21
2281.89
2284.26
2444.69
2409.42
2287.91
2203.93
2304.35
2174.06
2199.7
2032.78
1985.23
1962.67
2150.1
2222.35
2118.67
2211.84
2191.13
2063.75
2079.96
2083.84
2166.59
2450.11
2285.24
2042.63
2262.77
2379.14
2367.19
2309.05
2455.33
2334.62
2085.93
2448.83
2208.52
2272.85
2156.6
2400.36
2144.54
2073.24
2227.91
2374.07
2051.22
2105.57
2224.25
2099.19
2405.38
1962.47
1939.29
2272.92
2192.28
2402.25
1967.92
2250.39
2223.7
2202.74
2141.74
2056.78
2109.33
2278.82
2058.25
2053.3
2287.8
2066.85
2226.85
2273.81
2084.28
2161.08
2106.74
1916.77
2455.02
2124.74
2069.43
2252.09
2302.57
2197.95
2271.44
2131.81
2347.05
2135.78
2348.83
2399.73
1954.99
2181.7
2242.12
2290.45
2275.78
1986.94
2329.82
2151.14
2367.67
2190.72
2100.89
2181.05
1923.65
2237.26
2395.83
2011.23
2232.25
2260.91
2209.11
2247.6
2392.73
2078.59
2357.04
2370.66
1971.7
2194.13
2457.24
2097
2182.22
2431.13
2234.2
2100.6
2406.41
2237.8
2265.26
2124.17
2025.91
2193.13
2201.58
2033.3
1950.05
2077.58
2177.41
2449.4
2449.89
2109.6
2027.22
2058.54
2205.93
2481.91
2225.01
2233.75
2161.93
2411.36
1970.52
2256.91
2148.61
2362.23
2328.22
2177.28
2222.22
2365.95
2429.55
2317.45
2042.82
2430.27
2220.07
2117.07
2383.06
2193.79
2418.69
2418.52
2276.64
2298.97
2265.73
2139.82
2087.12
2160.15
2153.97
2370.48
2131.4
2388.8
2308
2056
2120.47
2357.77
2024.9
2152.91
2274.06
2157.58
2312.67
2293.1
2448.47
2140.96
2052.03
2327.8
2095.66
2180.13
2130.14
2277.16
2275.23
2095.23
2365.67
2454.85
2069.48
1947.88
2213.51
2276.67
2404.71
2430.57
2086.71
2124.85
2135.86
2284.07
2152.15
2110.96
2310.36
2201.12
2327.71
2189.96
1971.73
1931.01
2333.46
2167.39
2472.89
2324.72
2200.02
1914.69
2049.34
2027.6
2093.36
1980.64
2448.25
2187.5
2005.68
2424.09
1903.89
2216.3
2429.85
2530.39
2309.29
2325.62
2139.92
2272.94
2138.41
2184.47
2339.54
2314.59
2095.37
2052.82
2127.64
2014.85
2159.89
2234.31
2169.04
2042.37
2333.3
2224.32
2533.87
2148.37
2336.35
2133.95
2197.95
2315.43
2139.38
2162.43
2092.03
2361.98
2247.29
2016.83
2113.76
2192.58
2413.94
2200.68
2384.99
2177.03
2186.29
2172.02
2043.23
2431.1
2249.96
2033.17
2082.23
2146.24
2204.03
1975.7
2349.39
2366.9
2320.66
2322.99
2088.07
2498.61
2260.75
2323.78
2218.69
2512.53
2366.47
2117.91
2080.08
2281.26
2285.62
1929.29
2260.44
2266.66
2072.95
2312.05
2152.97
1986.64
2241.2
2260.66
2014.06
2480.41
1917.99
2270.54
2090.99
2314.29
2244.33
2364.36
2382.11
2206.45
2144.53
2122.45
2148.28
2225.63
2095.36
2348.16
2120.66
2390.98
2443.06
2412.43
2180.76
2286.41
2353.96
2410.99
2393.65
2084.82
2300.28
2321.15
2256.07
2077.3
2330.29
2186.99
2317.06
2218.15
2263.96
2202.63
2106.28
2274.71
2383.52
2248.09
2132.73
1903.82
2319.18
2441.52
2276.79
2184.11
2314.97
2305.02
2445.93
2078.54
2355.89
2501.43
2123.58
2041.35
2267.13
2005.52
2445.63
2323.54
2054.18
2380.88
2347.16
2101.31
2393.77
2122.58
2314.48
2184.18
2185.2
2205.81
2115.7
1941.37
2183.79
2295.93
2357.71
2302.05
2225.93
2431.91
2110.65
2251.74
2201.28
2106.11
1910.36
1958.95
2329.67
2313.27
2175.72
1981.92
2482.13
2325.45
2054.33
2319.76
2279.2
2320.11
2058.05
2475.01
2258.82
2508.82
2009.27
2478.68
2004.66
2168.41
2321.35
2310.74
2068.09
2159.48
2003.06
2231.5
2491.03
2131.55
2209.94
2298.1
2058.47
2169.15
2121.78
2418.97
2233.81
2191.12
2247.83
2223.78
2319.59
2438.84
2279.8
2346.47
2072.07
1993.05
2249.91
2373.41
2083.89
2006.19
2234.97
2214.31
2433.56
2043.05
2107.47
2273.99
2234.57
2022.1
1980.44
2159.44
2063.73
2197.27
2104.32
2285.19
2045.76
2144.72
2282.76
2246.15
2374.01
2266.49
1926.04
2366.66
2082.97
2117.31
2112.98
2297.52
2055.52
2077.61
2160.26
2104.64
2330.36
2125.89
2422.17
2007.61
2333.41
1920.66
2132.75
1954.56
2114.37
2016.29
2129.26
2249.21
2084.22
2379.91
2101.66
2015.28
2391.93
2447.04
2094.47
2176.47
2261.31
2279.83
2097.11
2189.76
2424.71
2004.96
2202.4
2420.98
2379.23
2202.92
2114.97
2355.91
2085.99
2490.85
2138.15
2136.43
2327.85
2503.01
1979.39
2351.43
1999.82
2152.83
2193.98
2159.66
2235.07
2259.93
2089.9
2285.33
2468.99
2171.09
2112.09
2198.53
2199.75
2189.21
2217.17
1901.41
2247.43
2344.95
2427.5
2464.71
2260.78
2036.82
2412.35
2143.24
1973.27
2348.16
2328.91
2149.02
2256.55
2303.34
2168.75
2269.1
2285.49
2083.75
2121.32
2156.8
2411
2145.32
2119.39
2129.46
2266.8
2298.69
2213.77
2155.71
2283.98
2114.98
2153.15
2291.6
2435.5
2267.15
2117.31
2362.11
2167.7
2225.07
2277.47
2409.18
2199.35
2027.1
2365.76
2356.25
2109.03
2442.74
2169.74
2332.81
2181.6
2050.72
2416.31
2320.84
2198.01
2242.42
2079.22
2128.28
2141.74
2388.64
2221.95
2474.19
2205.22
2045.98
2371.46
2153.6
2421.31
2194.46
2199.62
2207.41
2147.22
2418
1931.57
2062.12
2347.02
2302.85
2467.93
2073.27
2279.98
1999.46
2363.35
2269.38
2370.14
2230.92
2455.45
2372.82
2149.49
2386.19
1925.87
2379.14
2004.16
2408.91
2142.76
2314.81
2308.95
2409.58
2177.59
2119.27
2335.41
1940.58
1944.31
2273.69
2226.03
2336.52
2337.09
2368.21
2321.3
2480.74
2134.6
2416.28
2326.97
2442.22
2286.82
2307.63
2432.28
2119.85
1987.42
1958.9
2132.09
2189.7
1994.97
2343
2445.87
2131.75
2246.07
2019.38
2137
2205.38
2126.16
1993.68
2247.71
2303.68
2026.05
2161.13
2309.17
2213.12
2108.77
2430.06
1894.53
2233.38
2214.23
2178.18
2128.66
1956.94
2360.44
2287.24
2347.6
2365.77
2029
2342.01
2133.08
2134.05
2204.7
2195.69
2302.4
2384.11
2096.3
2348.6
1931.26
2361.35
2114.12
2394.99
2382.91
2295.47
2337.61
2223.37
2064.16
2097.92
2187.62
2138.3
2372.37
2128.68
2263.69
2039.35
2351.44
2385.97
2349.24
2186.12
2271.51
2311.98
1980.1
2207.94
2122.5
2328.53
2424.14
2130.75
2029.61
2338.89
1949.81
2306.03
2397.26
2193.69
2117.51
2319.75
2030.39
2235.28
1969.22
2376.68
2296.44
2078.5
2288.85
2112.29
2214.79
2185.44
2333.17
2162.09
2534.22
2332.29
2241.48
2136.55
2266.16
2160.64
2390.14
2241.49
2110.26
2095.15
2188.02
2311.77
2345.41
2097.44
2122.07
2093.01
2292.76
2329.29
2137.69
2091.93
2094.21
2177.47
2296.85
2286.31
2359.16
2441.76
2329.45
2135.18
2127.37
2237.63
2333.11
2181.51
2306.58
2451.16
2278.16
2231.09
2280.16
2144.78
2191.55
2137.97
2335.12
2300.31
2308.73
1892.02
2233.66
2177.47
2115.06
2525.9
2392.12
2337.77
2444.63
2367.26
1961.76
1988.25
2390.79
1958.08
2201.39
2127.53
2041.43
2037.73
2237.79
2293.21
2417.17
2347.23
2127.35
2059.36
2103.48
2099.49
2000.71
2489.24
2271.07
2240.5
2251.12
2044.2
2310.38
2015.87
1977.04
2165.29
2374.31
2026.32
2142.04
2216.62
2037.76
2194.32
2482.21
2089.24
2010.34
2270.67
1955.65
2199.28
2245.39
2379.39
2416.37
2106.32
2399.15
2305.1
2201.62
2281.89
2141.97
2346.05
1942.7
2107.56
2258.16
2407.66
2198.36
2309.43
2257.48
2319.3
1964.1
2047.54
2227.76
2196.32
2443.23
1945
2090.22
2215.64
2095.83
1993.1
2457.33
2315.73
2040.11
2409.28
2316.42
2465.15
2402.64
2046.77
2027.87
2290.28
2089.55
2080.05
2507.28
2367.3
2341.94
2307.61
2098.96
2230.88
2324.68
2362.89
2280.22
2002.19
2353.3
2029.47
2303.16
2443.57
2361.1
2049.03
2082.21
2243.19
2323.4
1960.64
2298.46
2339.07
2004.77
2106.73
2373.56
2132.05
2145.31
2308.63
2407.19
2185.91
2349.99
2240.29
1980.23
2167.74
2112.34
2087.11
2236.49
1907.47
2365.47
2228.81
2164.2
2298.04
2282.96
2229.72
1977.66
1995.65
2413.94
2295.34
2246.53
2188.04
2300.85
2066.14
2112.1
2268.8
2150.43
2378.26
2438.68
2267.57
2329.99
2267.84
2048.09
2529.46
2195.35
2247.84
2188.31
2356.55
2243.22
2051.59
2178.64
2441.81
2103.87
2302.83
2246.61
2115.89
2194.86
1935.57
2266.42
2279.66
2134.49
2259.54
2323.93
2420.61
2417.5
2408.94
2004.23
2063.71
2058.65
2332.58
2188.61
2008.38
2355.66
2030.65
2147.62
2422.39
2334.83
2293.8
2376.18
2286.4
2251.65
2301.25
2034.1
2213.14
2185.64
2267.53
2277.3
2255.03
2358.08
2141.1
2228.63
2410.99
2169.59
2211.88
2254.84
2035.98
2134.48
2229.54
2268.03
2147.83
2270.41
2213.18
2239.09
2228.71
2024.92
2303.3
2392.48
1905.51
2184.52
1950.99
2407.11
2367.97
2073.07
2216.04
2217.13
2309.77
2142.05
2396.81
2360.47
2359.91
2220.93
2387.42
2350.96
2481.26
2146.98
2421.09
2203.36
2237.08
2310.45
2257.65
2349.39
2438.23
2297.23
2273.28
2202.84
2031.96
2402.72
1988.83
2365.97
1946.44
2295.65
1999.08
2309.5
2053.45
2300.99
2521.08
2350.9
2350.08
2171.6
2012.91
2351.46
1944.03
2356.49
2136.53
1970.81
2096.38
2253.52
2268.12
2278.34
2280.5
2424.95
2162.32
2257.59
2134.84
2107.91
2117.08
2466.22
2248.73
2014.1
2421.72
2099.33
2326.67
2301.63
2041.37
2355.49
2156.6
2324.42
1915.81
2046.64
2270.35
2049.73
2153.01
2160.96
2202.39
2052.74
2297.53
2158.95
2504.1
2420.83
2264.94
2126.07
2099.84
2433.82
2103.9
2225.24
2372.09
2306.87
2129.5
2097.41
1921.14
1990.08
2000.03
2290.85
2265.96
2233.65
2345.69
2174.36
2284.13
2450.9
2056.98
2194.27
1931.17
2120.6
2215.99
2252.34
2096.06
2186.3
2297.9
1984.28
2100.54
2327.43
2232.88
2269.83
2402.37
2246.83
2239.48
2245.56
2075.36
2293.54
2205.08
2131.91
2243.81
2294.74
1930.82
2473.52
2361.29
2411.5
2299.69
2120.8
2263.15
2053.45
2149.79
2204.61
2156.26
2220.37
2431.09
1996.68
2258.11
2055.7
1960.98
2312.09
2095.87
2367.79
2273.82
2361.39
2181.97
2119.95
2349.39
2404.39
2028.93
2108.48
2182.94
2069.26
2109.9
2274.68
1979.12
2022.52
2274.62
2269.77
1989.09
2373.5
2382.89
2128
2023.48
2233.7
2051.3
1992.62
2246.71
2120.2
2253.58
2163.94
2072.96
2022.63
2125.97
2238.88
2223.92
2174.19
2261.09
2052.17
2059.44
2280.12
2148.6
2048.03
2080.58
2481
2374.86
2232.49
2471.61
2389.71
2411.49
2238.73
2164.11
2188.1
2239.84
1937.87
2167.33
2420.84
2445.52
2362.16
2291.65
2311.6
2288.4
1918.3
2012.48
2107.82
2331.22
2234.66
2394.11
2453.4
1985.6
2350.26
2095.12
2403.74
2295.15
2287.65
2140.45
2319.55
2374.5
2253.79
2206.24
2179.45
2316.77
2195.11
2231.71
2140.5
2262.7
2415.88
2088.4
1959.14
1998.94
2176.77
2111.45
2174.63
2155.45
2340.71
2202.26
2056.93
2245.75
2325.23
2458.77
2215.48
2282.78
2437.17
1999.87
2383.28
2209.91
2299.75
2495.32
2146.61
2333.05
2275.91
2023.4
2437.3
2145.62
2007.72
2307.23
2116.18
2117.57
2144.56
2338.24
2099.54
2166.23
2452.05
2033.3
2075.57
2371.45
2244.93
1947.69
2431.93
2215.29
2257.47
2229.73
1983.52
2388.21
2194.5
2321.76
2351.4
2402.39
2043.9
2062.34
2422.31
2160.96
2206.27
2092.21
1894.6
2221.63
2115.76
2308.02
2154.91
1937.91
2352.02
2095.06
2293.85
2063.46
2054.97
2276.48
2471.16
2204.96
2300.87
2158.43
2358.34
2128.76
2034.03
2325.96
2092.02
2292.19
2446.79
2210.61
2219.69
2040.55
1995.34
2079.16
2054.81
2244.71
2312.09
2334.02
2099.14
2400.35
2205.07
2267.94
2084.49
2422.59
2143.34
2101.55
2506.01
2361.86
2080.13
2186.03
2032.04
2323.89
2192.23
2164.35
1920.68
2185.63
2294.54
1963.5
2081.17
2186.27
2325.49
2177.49
2491.6
2175.99
1901.72
2400.28
2067.7
2389.35
2304.05
2353.85
2088.5
2173.53
2082.86
2120.6
2233.11
2290.79
2121.98
2436.03
2020.21
2374.36
2275.15
2139.04
2306.29
2284.73
2007.18
2186.19
2219.35
2169.44
2284.67
2386.88
2253.17
1961.65
2063.41
2485.41
2080.32
2074.43
1987.61
2440.08
2296.97
1955.99
2283.39
2391.53
2227.41
2405.1
2385.99
2213.83
2054.44
2304.71
2414.61
2351.67
2164.45
2254.75
1981.35
2112.07
2022.56
2002.33
2222.72
2056.03
2123.76
2220.2
2119.56
2074.79
2296.3
2060.53
2142.05
2182.4
2241.17
2137.79
2084.22
2306.58
2102.39
2121.16
2072.49
2371.32
2124.83
1921.07
2372.64
2022.07
2374.44
2181.36
2501.3
2130.36
2475.48
2300.34
2516.48
2190.9
2133.93
2503.64
2125.06
2012.99
2271.91
2379.45
2102.56
2174.24
1911.86
2390.54
2177.95
2370.99
1984.95
2407.44
2292.85
2321.18
2176.41
2016.51
2257.3
2164.28
2160.38
2346.89
2075.48
2310.39
2113.1
2231.1
2421.89
2257.39
2247.96
2299.69
2118.53
2059.11
2242.86
2114.86
2219.44
2141.89
2384.69
2389.65
2453.74
2290.03
2248.04
2352.02
2112.17
2350.29
2474.46
2104.74
2336.44
1909.89
2150.59
2214.44
2347.68
2247.24
2090.65
2118.76
2183.23
2188.05
2447.05
2481.71
2111.56
2147.73
2031.49
2028.59
2422.46
1967.64
2415.62
2315.55
2463.38
2176.7
2136.12
2362.78
2048.61
2157.94
1993.72
2079.7
2275.64
2108.88
2298.46
2065.1
2114.79
2399.67
2354.52
2378.93
2306.68
2354.96
2239.67
2109.03
2096.02
2167.67
2122.71
2198.32
2203.81
2231.49
2462.76
2153.34
2415.83
1966.58
1944.43
2057.61
2242.17
2447.89
2147.32
2079.57
2000.16
2156.19
2337.31
2199.06
2189.91
2110.36
2389.68
2278.38
2423.51
2016.16
2344.93
2208.32
2295.49
2048.44
2211.93
2263.98
2250.08
2247.66
2007.72
2050.99
1983.02
2099.8
2022.85
2249.73
2413.25
2040.52
2223.18
2315.06
2367.38
2312.18
2239.07
2331.04
2157.4
2278.25
2209.55
2256.02
2321.7
2157.02
2130.59
2255.14
2018.3
2303.36
2321.81
2164.32
2375.11
2274.74
2207.65
2277.16
2249.82
2101.36
2148.71
2128.91
2154.77
2364.96
2031.33
1982.99
2132.38
1987.72
2254.8
2500.09
2301.74
2123.68
2353.78
2289.85
2150.2
1940.25
2162.72
2372.57
2006.56
2427.92
1973.81
2143.7
2205.52
2055.97
1926.58
2052.3
2021.83
2093.98
2069.72
2382.03
1928.33
2177.14
2308.52
2270.51
2368.44
2121.94
1958.11
2316.1
2184.49
2367.39
2030.67
2278.34
2299.6
2292.49
2258.62
2039.23
2376.25
2252.09
2282.15
2225.66
2461.92
2301.7
2005.01
2331.83
2105.17
2338.59
2191.46
2104.56
1915.33
2218.38
2458.84
2372.57
2033.61
2134.9
2175.07
2188.5
1892.94
2149.67
1975.97
2209.07
2034.41
2261.23
2158.2
2286.81
2277.57
2072.67
2268.51
2154.4
2055.49
2278.47
2212.22
1998.16
2232.7
2228.75
2074.37
2083.89
2140.88
2168.37
2363.67
2181.9
2453.79
1991.66
2269.78
1974.48
2483.63
2042.79
2161.43
2380.03
2378.26
2080.31
2046.4
2120.31
2055.11
2388.59
2269.23
2174.48
1960.17
2250.14
2163.14
2165.84
2076.5
2226.87
2356.69
2230.12
2022.94
2052.68
2244.81
2020.2
2388.3
2381.87
2055.07
2159.89
2264.73
2323.69
2257.74
2468.97
2263.5
2246.8
1958.88
2268.66
2241.42
2222.88
2468.23
2087.71
2192.81
2152.78
2081.3
2422.26
2204.78
2402.76
2149.96
2410.3
2163.42
2255.53
2220.69
2114.77
2201.42
2423.78
2186.2
2185.21
2274.93
2271.74
2341.69
2387.25
2202.64
2444.81
2030.64
2139.62
2305.05
2261.86
2137.63
2391.13
2046.71
2410.83
2244.21
1933.14
2154.55
2275.03
2074.92
2092.97
2123.57
2416.21
1983.06
2274.29
2270.18
1944.76
2293.71
2044.17
2146.75
2118.97
2071.2
2313.86
2438.41
2452.96
2099.25
2259.09
2090.56
2295.83
2497.9
1896.29
2349.23
2129.85
2334.29
2336.77
2107.72
2212.74
2293.14
2377.55
2479.44
1980.74
2359.18
2189.65
2187.87
2013.83
2364.74
1979.37
2104.03
2369.26
2040.72
2055.77
2396.96
2217.95
2403.4
2232.65
2187.21
2391.5
1974.13
2093.73
2379.55
2257.1
2087.22
2208.96
2253.28
2040.37
2445.68
2346.38
2166.16
2029.83
2306.29
1994.3
2226.78
2383.7
2075.18
1969.23
2245.67
1920.82
2273.23
2169.16
2334.69
2180.21
1911.16
2162.48
2020
2444.65
2010.17
2251.84
2139.83
2167.02
2022.85
2342.31
2136.5
2291.66
1969.11
2311.08
2017.73
2196.56
2249.44
2283.88
2146.62
2310.22
2437.37
2244
2014.86
2062.33
2159.85
2031.08
2210.66
2078.77
2065.38
2317.07
2149.97
2314.08
2043.44
2116.04
2358.95
2371.8
2306.03
2344.17
1956.42
2330.6
2241.22
2031.88
2278.03
2305.57
2029.73
2134.06
2068.02
2410
2264.54
2115.8
2260.25
2432.66
2119.28
2055.2
2134.6
1981.82
2340.82
2044.77
2221.65
2309.34
2113.7
2527.89
1962.87
2260.07
2159.2
2091.77
2342.69
2237.38
2220.29
2180.96
2394.54
2273.56
2457.22
2237.4
2172.78
2361.74
2008.2
2331.7
2024.13
2023.77
2050.27
2077.85
2130.45
1924.71
2383.16
2169.27
2299.65
2283.82
1953.96
2047.99
2405.37
2181.91
2327.64
2312.66
2254.25
2145.94
2330.33
2170.43
2330.47
2196.34
2419.08
2384.04
2407.94
2127.9
2300.98
2331.23
2148.39
2104.74
2036.81
2121.77
2353.69
2429.97
2048.37
2242.63
2441.93
2256.38
1960.73
2086.08
2029.16
2339.56
2108.69
2052.9
1946.66
2190.69
2226.9
1985.07
2150.34
2108.74
2056.43
2395.64
2359.44
2309.51
2085.74
2262.33
2389.47
2375.71
2089.68
2369.65
1999.55
2252.15
2078.31
2303.9
2288.81
2232.18
2263.45
2012.12
2440.7
2173.8
2291.23
2392.24
2016.72
2066.64
2257.47
2031.1
2398.63
2307.79
2199.04
2318.42
2069.48
2469.67
2213.97
2030.26
2398.99
2230.58
2278.84
2114.92
2316.72
2150.16
2079.95
2117.81
2308.08
2281.53
1913.74
2124.17
2186.86
2187.27
1917.6
1940.32
2038.33
2342.72
1981.22
2355.31
2073.43
2261.06
2364.13
2278.91
2181.13
2240.21
1996.21
2337.67
2061.54
2117.78
2246.63
2060.95
2060.35
2260.77
1952.61
2129.78
2391.6
2145.21
2057.39
2402.65
2185.16
2249.8
2164.47
2169.29
2010.98
2325.47
2329.48
2198.38
2283.15
2054.94
2034.43
2400.55
1989.26
2387.32
2485.07
2281.2
1941.98
2393.2
2092.57
2298.26
2332.73
2250.5
2365.35
2028.8
2297.82
2083.27
2031.73
2188.38
1980.29
2306
2062.79
1980.6
2408.79
2342.6
2361.31
2199.28
2129.51
2234.31
2307.38
2197.28
2427.11
2016.09
2166.46
2297.12
2372.02
2311.18
2317.8
2212.82
2408.07
2240.51
2280.38
2287.45
2255.71
1963.49
2192.34
2115.54
2347.2
2320.56
2377.76
2183.33
2499.88
2258.93
2194.26
2052.52
2210.3
2330.45
2176.29
2219.43
2011.63
2460.83
2338.91
2368.34
2168.45
2100.06
2202.42
2319.58
1969.57
2225.44
2160.25
2144.76
2011.11
2172.07
2302.76
2197.16
2167.74
2301.51
2117.86
2011.82
2299.21
2305.58
2126.63
2145.9
2450.65
2242.04
2319.16
2143.96
2275.81
2267.96
2223.96
2228.29
2288.77
2347.94
2340.14
2023.03
2355.05
2164.66
2449.03
2037
2133.3
2024.57
2097.48
1939.76
2014.21
2152.14
2289.74
2215.44
2183.5
2128
2181.87
2250.5
2180.96
2000.75
2327.58
2032.57
2218.28
2330.9
2279.47
2114.72
2365.04
2327
2133.04
2072.81
1938.65
2234.12
2173.03
2107.17
2000.7
2296.08
2009.61
2067.66
2176.45
2130.07
2123.32
1949.11
2044.72
2416.72
2283.64
2425.86
2250.48
2451.52
1996.98
1954
2385.52
2226.06
2140.25
2095.75
2414.95
2316.06
2022.88
2122.93
2267.25
1934.45
2402.87
2047.96
2254.06
2354.71
2297.51
2096.5
2122.81
2280.99
2366.72
2379.74
2480.32
2175.96
2078.29
2236.73
2108.65
2216.12
2267.35
2406.09
2309.69
2218.96
2293.39
2325.86
2028.23
2231.7
2403.78
2178.81
2370.15
2255.08
2382.57
2031.94
2235.88
2467.71
2107.53
2160.47
2420.56
2446.64
2138.15
2410.34
2340.75
2077.14
2117.57
2071.99
2091.81
2372.02
2404.97
2387.07
2055.53
2457.78
2038.29
2244.71
2023.15
2393.56
2403.24
2305
2122.14
2342.36
2126.88
2095.94
2070.99
2227.61
2277.95
2381.24
2449.3
2337.63
2295.14
1987.76
2232.67
2281.69
2289.56
2167.06
2096.23
1990.95
2159.21
2229.17
2364.04
2050.26
2071.98
2309.72
2482.78
1935.59
2025.84
2220.64
2166.04
2203.89
2109.54
2297.05
2300.61
2108.34
2200.46
2375.22
2245.43
2282.55
2441.79
2189.38
2538.32
2095.27
2092.12
2106.75
1936.4
2223.32
2334.62
2110.53
2374.02
2039.02
2144.23
2244.68
2312.94
2432.3
2058.78
2208.82
2166.85
2345.19
2189.1
2296.18
2057.37
1969.07
2262.35
2127.93
2240.97
2315.08
2430.47
2285.61
2109.4
2467.25
2125.27
2407.79
1993.31
2208.43
2064.75
2121.62
2222.43
2332.14
2266.58
2243.26
2401.79
1994.78
2386.86
2414.89
2363.09
2181.65
2308.44
2330.2
2162.9
2446.31
2268.83
2055.14
2421.59
2281.76
2182.53
2444.78
2544.17
2306.5
2293.21
2190.71
2446.63
2272.29
2184.63
2331.4
2203.9
2119.85
2076.34
2145.11
2277.54
2361.34
2216.66
2041.15
2020.11
2121.08
2234.03
2146.26
2098.14
2176.01
1962.19
2517.06
2332.37
2349.13
2345.43
2026.44
2356.35
2286.55
2222.46
2388.13
2310.71
2369.91
2328.23
2400.21
2080.69
2154.89
2405.79
2155.28
2441.59
2270.16
2416.44
2152.78
2175.04
2348.14
2106.24
2283.86
1948.14
2162.1
2086.67
1915.45
2001.51
2173.11
2282.16
2056.5
2410.31
2442.85
2390.22
2375.13
2159.09
2174.87
2347.2
2294.19
2420.69
2162.94
2105.57
2324.75
2068.99
2239.82
2354.73
2054.95
2333.83
2321.1
2498.21
2319.4
2317.84
2425.51
2295.35
1925.35
1988.38
1936.83
2104.16
2451.49
2072.77
2348.19
2095.27
2355.12
2472.27
2321.3
2413.09
2118.1
2112.8
2220.64
2391.65
2088.82
2292.06
2454.76
2409.79
2394.11
2438.33
2418.68
2020.34
2044.88
2150.61
1925.89
2030.93
2098.06
2391.48
2315.81
2030.51
2060.33
1986.73
2400.91
2514.66
2431.66
2304.49
2261.24
2022.88
2214.59
2003.89
2250.39
2336.61
2084.86
1978.3
2396.75
2240.04
2361.5
2404.22
2093.81
2277.32
2299.75
2287.66
2336.25
2219.7
2215.84
2048.4
2267.02
2060.48
1997.22
2041.09
2348.47
1996.97
2334.84
2406.37
2237.73
2249.39
2138.83
2144.55
2341.89
2235.29
2078.58
2199.96
2280.63
2177.75
2091.37
1932.07
2173.77
2193.93
2171.17
2253.52
2236.35
2186.45
2474.12
2205.12
2129.11
2236.34
2101.95
2238.69
2338.24
2242.69
2298.91
2319.55
2250.11
1903.65
2046.44
2433
2094.62
2078.12
2425.12
1955.77
2221.55
2468.16
2351.28
2115.08
2356.45
2447.58
2303.21
2171.46
2137.09
2312.51
1976.96
2423.24
2404.58
2321.91
2253.29
2238.55
2343.38
2425.44
2021.01
2100.35
1997.02
1938.76
2500.86
1995.82
1935.55
2151.14
2298.27
2285.2
2099.57
2241.53
2164.81
2193.87
2286.04
2130.7
2103.01
2438.49
2017.45
2279.97
2042.88
1975.37
2174.46
1982.44
2208.58
2452.35
2374.08
2459.1
2152.44
2391.57
2460.58
2225.59
1990.05
2002.83
2290.83
2399.69
2162.67
2249.59
2234.95
2381.57
2401.36
2288.9
2066.67
2034.03
2087.5
2161.4
1915.94
2232.21
2164.07
2274.04
2327.72
2318.27
2109.51
2442.51
2294.85
2100.77
2220.09
2236.85
1919.24
2475.62
2101.21
2287.24
2372.53
2380.39
2173.53
2133.8
2409.43
2263.79
2430.43
2335.35
2226.4
2133.54
2168.51
2160.25
2246.27
2357.6
2272.59
2489.25
2094.48
2131.74
1964.83
2325.56
2083.15
2261.41
2202.79
2431.02
1975.57
2194.63
2309.14
2159.65
2344.03
2124.17
2529.6
1993.11
2439.75
2498.5
2223.72
2095
2244.68
2238.97
2275.21
2381.13
2243.53
2040.03
2415.54
2019.94
2278.41
2503.33
2333.62
2227.05
2318.42
2245.52
2192.02
2048.93
2121.19
2384.52
2236.79
2349.03
2274.74
2222.65
2018.12
2239.37
2436.34
2325.5
1981.03
2165.27
2387.72
2029.28
2012.69
2042.36
2425.11
2343.71
1890.66
2012.26
2076.66
2273.73
2187.8
2343.52
2267.88
2110.22
2352.65
2516.67
2412.05
1981.47
2408.82
2020.02
2053.18
2046.48
2264.23
2064.97
2070.61
2375.12
2344.12
2112.88
2127.26
2106.96
2214.38
2007.62
2374.82
2249.33
2190.56
2541.57
2341.56
2501.81
2187.09
2220.87
2125.18
2364.86
1920.32
2359.01
2048.87
2074.6
2374.56
1926.24
2259.43
2228.26
2116.44
2145.51
2215.02
2228.14
2439.68
2320.22
1942.57
2136.82
2289.05
2212.37
2159
2243.36
2179.56
2417.06
2349.07
2132.41
2405.32
1957.25
1996.44
2503.92
2153.62
2307.83
2096.07
2439.22
2200.74
2007.25
2403.41
2025.14
2257.25
2028.36
2323.08
2086.55
2361.03
2128.2
2113.8
1992.2
2212.63
2138.56
2368
2060.48
2130.69
2386.34
2313.9
2285.51
2281.89
2317.34
2030.1
2298.09
2236.61
2332.8
2160.78
2052.86
2094.6
2004.06
2259.72
2374.86
2174.1
2252.23
2258.38
2114.42
2404.6
2493.29
2259.36
1992.68
2270.09
2290.5
2302
2383.32
2470.62
2292.1
2416.14
2086.47
2136.15
2010.27
2236.94
1979.74
2192.18
1987.15
2257.95
2453.82
2308.01
2303.64
2334.21
2123.83
2041.42
2395.02
2370.56
2298.29
2366.66
2461.87
2223.3
2099.04
2427.48
2089.5
2090.23
2146.69
1907.66
2125.31
2435.89
2337.18
2431.93
2174.72
2274.32
2455.31
2190.88
2222.89
2155.01
2435.4
2239.64
2149.1
2330.57
2349.35
2221.97
2376.13
2009.9
2231.44
2441.06
2246.01
2327.31
2268.4
2132.54
2386.84
1929.37
2337.69
2236.57
2335.94
2366.68
2179.25
2356.71
2274.16
1973.27
2159.26
1941.54
2338.79
2215.4
1956.51
2237.99
2149.49
2189.17
2319.07
2210.45
2055.87
2440.58
1942.94
2173.54
2480.1
2063.97
2421.96
2111.27
2027.55
2016.21
1920.38
2212.78
2419.7
2219.8
2382.49
2456.16
2001.39
2285.54
2123.82
2205.17
2053.72
2333.48
2038.87
2136.21
2055.42
1939.7
2419.57
2140.2
2383.76
2330.46
1940.05
2091.2
2269.14
2323.62
2238.18
2401.45
2248.23
2161.21
1945.56
2061.34
2098.73
2268.95
2391.23
1887.49
2067.34
2239.91
2256.45
2214.09
2341.74
2148.64
1975.39
2164.94
2370.6
2324.32
2323.21
2183.34
2368.22
2419.12
2258.29
2124.05
2135.9
2261.61
2475.09
2263.97
2154.23
2434.99
2404.18
2112.63
2250.62
2341.97
2310.83
2307.31
2383.05
2242.72
2333.63
2309.13
2191.77
2409.19
2138.15
1947.48
1949.55
2070.01
2124.97
2177
2423.49
2330.31
2204.07
2293.67
2368.4
2127.78
1989.23
2292.39
1965.63
2041
2420.12
2193.72
2293.86
2095.45
2321.37
2251.27
2072.94
2068.12
2108.32
2030.7
2184.08
2172.46
2458.09
1965.78
2407.8
2200.63
2309.99
2444.12
2375.73
2146.3
2184.45
2331.7
2284.19
1976.95
2361.39
2292.86
2387.22
2347.49
2200.27
1959.46
2330.13
2438.49
2051.51
2325.74
2186.65
2212.4
2102.04
2464
2181.35
2240.1
2325.72
2100.26
2321.36
2316.78
2268.9
2351.1
2078.52
2182.23
2187.16
2340.89
2010.62
2006.39
2014.16
2269.8
2125.13
2394.33
2318.42
2062.66
2440.63
2238.07
2442.95
2232.3
2516.42
2445.98
2168.62
2334.73
2003.81
2081.1
2182.85
2227.71
2319
2368.19
2167.22
1938.24
2399.06
2214.28
2405.62
2086.17
2428.87
2310.34
2437.79
2062.72
2409.37
2495.6
2409.85
2506.97
2291.24
2348.61
2241.12
2258.89
2144.77
2100.49
2475.23
2443.18
2224.75
2136.76
2128.88
2299.16
2375.12
2390.82
2136.92
1987.46
2187.05
2093.57
2462.11
2340.27
2047.41
2413.71
2295.28
2322.41
2038.67
1993.28
2203.92
2076.87
1950.79
1925.02
2205.45
2448.91
2222.01
2444.13
2198.59
1958.12
2139.82
1997.77
2132.61
2247.37
2326.06
2060.61
2104.62
2418.03
2058.46
2473.97
2208.23
2303.9
2314.7
2178.4
2324.7
2407.75
2296.95
2275.99
2155.05
2239.73
2224.24
1973.4
2378.53
2214.19
2267.25
2495.51
2170.09
2340.74
2161.99
1972.76
2070.61
2380.25
1880.55
2116.57
2070.17
2170.96
2081.17
2127.19
2267.19
2297.03
2388.31
2403.86
2353.33
2317.07
2185.07
2493.97
2223.65
1961.62
2507.58
2040.37
2465.84
2257.9
2357.71
2146.58
2053
1896.69
2384.4
2472.03
2175.97
2427.24
2415.05
2203.85
2224.23
2291.32
2046.49
2347.8
2346.61
2014.83
2064.41
2227.17
1999.16
2054.73
2414.87
2192.4
2063.5
2430.2
2184.8
2345.37
2411.41
2271.98
2029.74
2069.8
2294.82
2403.83
1993.42
1957.33
2080.07
1971.47
2445.27
2282.41
2164.5
2376.6
2188.36
2225.56
2454.89
2130.62
2209.28
2088.86
2342.74
2012.24
2038.57
2271.68
2247.18
2228.45
2438.71
2356.83
2016.92
2482.3
2316.97
2198.09
2250.39
2102.47
2407.73
2149.79
2067.79
2239.02
2199.87
2359.53
2239.23
2287.32
2264.76
2045.12
2347.49
2346.44
2183.37
2262.27
2379.4
2138.98
2370.24
2279.83
2177.09
2233.21
2194.24
2369.01
2274.44
2419.9
2019.18
2172.97
2301.21
2355.87
2401.98
2295.09
2334.22
2468.24
2049.84
2392.01
2338.19
2142.72
2129.09
2161.42
2298.6
2422.53
2471.03
2202.72
2407.16
2120.32
2235.76
2423.97
1966.85
2233.64
2297.04
2123.41
2111.73
2189.46
2334
2068.29
2213.09
2064.16
2201.85
2258.02
2189.58
2353.38
2282.73
2245.48
2230.26
2207.08
2040.52
2386.19
2238.85
2491.91
1945.72
2047.2
2025.93
2129.78
2064.4
2411.73
2365.37
2169.91
2410.76
2334.28
2196.29
2088.17
2341.26
2398.74
2076.17
2289.72
2297.19
2330.66
2129.02
2073.48
2376.59
2352.78
2178.97
2077.47
2254.03
2318.35
2229.27
2216.92
2455.08
2241.31
2410.95
2297.56
2354.92
2406.5
1912.42
2272.08
2402.52
1985.73
2019.62
2461.29
2436.68
2154.67
2344.81
2196.89
1967.82
2057.94
2451.69
2197.97
2384.24
2265.3
2264.47
2256.98
2328.65
2389.64
2110
2411.37
1999.2
2305.6
2143.06
2400
2117.27
2077.09
2208.58
1983.82
2364.19
2133.67
2354.37
2238.39
2350.34
2239.05
2344.23
2276.96
2169.84
2324.47
2081.13
2176.47
1922.33
2081.58
2187.4
2289.14
2111.01
2193.53
2388.65
2150.76
2382.25
2183.21
2334.15
2388.83
2195.99
2059.27
2183.16
2453.58
2146.99
2225.65
2243.73
2209.86
2309.2
2329.82
2166.32
2071.11
2238.13
1998.69
2232.75
2282.67
2289.33
2227.61
2128.02
2349.18
2050.82
2158.51
2179.07
2196.31
2493.48
2116
2124.78
2345
2023.93
2235.38
2388.74
2191.09
2325.35
2304.77
2328.49
2161.48
2002.54
2043.43
2504.22
2306.46
1970.71
2389.16
2189.32
2310.78
2047.11
2135.25
2252.39
2394.21
2507.92
2275.17
2070.72
2259.14
2323.51
2176.75
2124.97
2259.21
2413.18
2152.03
2190.55
2320.16
2048.05
2424.43
2057.18
2436.56
2165.49
1993.44
2116.87
2227.92
2396.53
2237.56
2215.54
2510.8
2026.94
2252.75
2280.08
2213.95
2292.19
2164.94
2491.47
2510.63
2252.51
2429.4
2177.1
2153.92
1956.26
2253.47
2230.04
2093.2
2293.59
2149.11
1983.98
2247.94
1976.56
2201.04
2225
2428.96
1995.4
2349.74
2141.12
2147.13
2456.59
2175.85
2369.15
2327.24
2447.94
2425.39
2116.16
2098.07
2052.82
2338.99
2195.99
2224.27
2228.85
2178.79
2132.23
2367.46
2119.72
2253.28
2079.1
2047.51
1999.61
2369.46
2077.44
1991.07
2065.42
2031.35
1980.03
2202.29
1967.16
2289.17
2362.95
2227.96
2273.62
2442.28
2234.58
2121.66
2415.35
2262.94
2032.89
2294.34
2037.99
2402.94
2515.87
2229.93
2075.13
2096.56
2360.06
2346.8
2411.08
2160.26
2438.55
2407.38
2038.41
1999.59
2092.64
2090.82
2050.97
2428.3
2198.71
2191.83
2327.14
1936.41
2204.33
2369.57
2351.6
2020.83
2342.37
2382.74
2128.55
2048.38
2044.67
1948.06
2252.35
2119.55
1940.23
2172.04
2407.55
2311.03
2234.27
2385.65
2005.04
2298.74
2102.08
2045.88
2138.41
2150.02
2200.43
2069.67
2131.03
2201.23
2317.04
2503.07
2134.24
2016.67
2199.53
2378.14
2195.27
2017.3
2241.03
2277.54
2244.59
2235.91
2260.02
2410.28
2460.38
2011.08
2120.84
2078.3
2086.14
2126.34
1979.32
2436.87
2255.99
2141.05
2456.6
2208.92
2362.36
2513.6
2467.48
2189.52
2096.37
2223.87
2303.2
2281.37
2315.2
2234.43
2210.72
2187.64
2171.09
2369.1
2276.13
2210.17
2415.74
1998.2
2348.99
2013.63
2371.75
2234.43
2143.61
2182.14
2115.62
2089.28
2064.35
2078.14
2266.14
2285.28
2152.38
2191.91
2263.24
2252.91
2044.29
2290.71
2050.81
1962.3
2176.19
2194.4
2374.18
1978.09
2326.48
2253.46
2516.99
2061.01
2211.43
2390.85
2206.37
2257.42
2251.44
2289.24
2255.72
2168.41
2373.21
2130.95
2128.51
1978.56
2125.26
2287.96
2164.29
2052.53
2106.14
2218.14
2050.22
2014.73
2350.6
2070.65
2298.97
2208.09
2354.09
2190.96
2299.55
2340.88
2311.52
1957.38
2089.62
2224.39
2254.96
2187.93
2045.58
2209.34
2234.89
2090.31
2052.04
2064.61
1988.31
2432.13
2411.63
2370.07
2418.72
2009
2178.55
2478.35
2372.25
2388.03
2254.98
2287.09
2064.79
2149.32
2108.64
2227.18
1931.35
1951.57
2467.63
2451.6
2034.46
2004.3
2335.11
2289.58
2185.27
2363.33
2344.59
2371.4
2182.36
2358.27
2323.34
2219.45
2223.15
2050.92
2353.6
2195.15
2133.19
2231.24
2256.64
2167.72
2144.56
2183.34
1978.62
1930.65
2281.63
2221.99
2125.03
2150.63
2332.16
2232.59
2037.87
2087.2
2080.07
2261.77
2205.68
2221
2425.06
2481.21
2310.88
2361.83
2110.5
1964.44
2464.87
2390.24
2147.64
1918.81
2346.26
2221.4
2251.7
2467.84
2345.31
2413.21
2122.39
2023.42
2105.35
2358.67
2054.94
2301.47
1996.83
2364.41
2043.41
2158.13
2098.91
2193.61
2061.65
2162.52
2279.82
2232.02
2431.76
2478.34
2225.5
2238.05
2307.31
2181.06
2019.23
2012.83
2017.32
2139.24
2035.15
1982.9
2235.62
2358.67
1983.76
2326.04
2458.78
2170.11
2218.93
1974.77
2398.28
2216.84
2286.83
2138.86
1917.76
1922.42
2337.03
2112.95
2282.16
2296.45
2436.3
2086.43
2171.47
2033.1
2165.81
2389.6
2296.62
2180.17
2131.39
2427.29
2105.07
2241.36
2290.6
1980.48
2243.38
1938.57
2234.79
2069.81
2085.94
2059.88
2292.06
2175.62
2175.16
2321.84
1965.49
2097.55
2402.5
2144.73
2464.25
2135.3
2371.7
2131.07
2316.99
1992.38
2131.41
2443.81
2136.33
1969.31
2023.61
2457.5
2059.35
1973
2145.6
1990.06
2074.95
2392.65
2361.34
2246.56
2116.39
2269.57
2336.16
2331.91
2334.44
2425.41
2268.93
2284.71
2099.33
1997.42
2166.07
2014.08
2183.12
2267.5
2098.51
2328.96
2240.44
2310.22
2299.1
2269.01
2106.9
1975.45
2246.72
2096.27
2271.62
2255.84
2004.71
2334.39
2469.61
2469.99
1938.62
2453.37
2027.91
2339.3
2064.61
1887.91
2338.23
2179.06
2372.92
2031.18
2263.94
1972
2213.36
2067.49
2074.8
2150.93
2319.32
2181.16
2327.6
2208.41
2436.33
2050.71
2417.09
2274.63
2124.5
2218.44
2165.31
2438.61
2200.8
2130.6
2228.27
2119.95
2235.39
2094.26
1989.22
2202.15
2138.28
2139.2
1930.35
2078.45
2105.1
2225.3
2167.53
2066.96
2484.89
2280.55
2163.55
2236.69
1992.19
2157.79
1945.73
2098.05
2180.36
2081.55
2325.01
2167.71
2070.21
2449.39
2246.07
2437.66
2292.61
2261.79
2131.06
2322.15
2273.89
1913.61
2088.06
2305.94
2118.76
2316.24
2337.35
2305.11
2274.08
2165.25
2355.89
2191.25
2244.01
2397.05
1999.93
2277.74
2357.34
2291.09
2117.69
2288.56
2476.89
2149.86
2339.3
1923.36
2246.9
2391.31
1989.97
2268.92
2052.71
2005.29
2138.48
2321.99
2366.78
2298.82
2270.22
2222.64
2400.35
2350.98
2342.66
2141.05
1973.19
2294.32
2242.17
2354.96
2197.45
2322.56
2478.93
1968.53
2267.71
2401.87
2318.77
2445.61
2208.11
1951.07
1985.4
2225.96
2471.14
2098.93
1991.17
2313.78
2410.34
2286.93
2337.91
2298.02
2235.91
2102.28
2334.58
2216.68
2166.58
1941.53
2000.96
2043.36
1917.62
2234.59
2349.26
2309.79
2275.1
2117.63
1976.42
2374.08
2258.13
2194.8
2058.07
2186.65
2288.96
2517.29
2250.82
2436.4
2158.68
2007.29
2212.55
2211.36
2141.19
2277.52
2134.55
2334.35
2283.08
2278.24
2065.48
2284.61
2041.14
2237.2
2113.97
2336.75
2227.51
2050.04
2380.61
2273.07
2063.58
2339
2311
2026.84
2121.49
1917.79
1995.63
2450.81
2418.32
2142.42
2081.74
2031.02
2323.74
2312.73
2413.96
2309.39
2371.04
1992.51
2141.97
2195.79
2288.04
2032.83
2204.35
2275.34
2282.21
2274.59
1926.68
2405.63
2073.18
2416.48
2374.9
2052.28
2480.29
1964.02
2372.66
2345.66
2495.8
2056.81
2379.68
2190.82
2364.49
2233.84
2315.49
2133.27
2013.78
2306.27
1961.63
2073.52
2287.05
2474.38
2286.76
2147.99
2163.97
2197.29
2426.12
2163.54
2279.92
2092.73
2375.16
2273.78
1970.65
1992.69
2240.75
2321.53
1989.66
2422.55
2318.25
2264.31
2216.34
1963.11
2339.14
2488.75
2318.31
2285.01
2051.15
2212.27
2471.42
2401.39
2505.66
2232.52
2004.95
2412.78
1917.76
2051.71
2405.7
2124.96
2419.41
2277.34
2013.56
2436.38
2193.57
2335.74
2304.85
2193.78
2284.6
1994.91
2437.13
2141.3
2388.59
2185.06
1945.15
1924.55
2044.63
2126.95
2308.28
2381.47
2076.66
1953.17
2535.27
2269.55
2143.4
2089.9
1926.39
2339.85
2377.48
2434.95
2319.06
2333.55
2091.88
1968.76
2046.28
2079.87
2404.14
2332.21
2358.91
2293.84
2284.06
2165.11
2166.22
2059.18
2320.26
2431.59
2291.66
2423.29
2461.73
2225.26
2101.25
2360.19
2428.11
2000.75
1973.02
1937.2
2338.38
2210.25
2292.5
2420.93
2361.43
2182.93
2358.23
2341.11
2310.13
2183.81
2013.31
2116.11
2270.02
2137.67
1970.09
2271.75
2195.91
2264.22
2493.21
2098.81
2335.75
2220.82
2448.05
2196.25
2200.98
2145.12
2453.8
2148.39
2069.68
2104.46
2248.52
2161.9
2144.58
2310.95
2308.86
2143.83
2379.04
2288.28
2000.91
2213.1
2237.85
2108.4
2313.89
2347.76
1919.74
2369.76
2010.19
2389.39
2077.98
2006.04
2040.98
2352.05
2169.81
1891.19
2269.62
2313.36
2365.13
2280.37
2259.7
1971.31
1942.75
2205.23
2293.81
2178.14
2037.12
2291.24
1959.85
2095.28
2211.13
2120.23
2148.45
2134.49
2365.74
2244.24
2199.04
2419.71
2292.94
1988.51
2063.69
2321.12
2435.14
2241.24
2269.44
2260.65
2033.67
2091.97
2183.54
2166.98
2097.08
2192.06
2241.19
2065.86
2262.77
2026.39
2109.72
2199.96
2391.18
2311.08
2211.75
2279.56
2344
2085.83
2318.87
2323.99
2113.7
2255.32
2041.18
2285.6
2063.19
2307.2
2021.75
2210.21
2484.28
2475.37
2166.47
2469.99
2297.87
2248.61
2347.18
2034.78
2058.23
2375.46
2491.51
2369.96
2180.33
2316.88
2156.92
1956.96
2246.85
2146.26
2116.98
2333.8
2193.44
2404.17
2166.52
2160.95
2418.66
2211.56
2241.45
2141.64
2172.39
2315.81
2378.1
2332.46
2058.18
2155.04
2312
2230.87
2317.77
2322.33
2417.31
2039.17
2201.51
1898.23
2501.03
2191.2
2373.43
2280.14
2220.59
2137.26
2299.3
2169.39
2372.71
2365.52
2270.18
2322.16
2249.64
2191.17
1977.18
1970.3
2379.55
2277.73
2055.76
2224.2
2453.66
2120.58
2474.11
2227.33
2304.11
2063.32
2048.16
2179.93
2235.42
2195.75
2052.25
2388.24
2324.56
2141.06
2124.57
2187.15
2238.23
2515.52
2261.29
2125.56
2448.22
2142.78
2338.72
2385.61
2359.7
2155.05
2256.36
2091.32
2191.94
2437.5
2254.51
2171.8
2282.03
2081.51
1915.35
2488.12
2452.66
2328.88
2105.82
2276.3
2451.17
2100.5
2107.94
2115.2
2140.28
2307.05
2037.03
2262.71
2373.63
2343.45
2280.18
2149.09
2301.8
2338.13
2349.52
2270.97
2181.5
2315.86
2167.84
2239.97
2330.06
2022.06
2358.92
2294.44
2117.61
2213.16
2270.35
2179.02
2092.07
2049.59
2427.17
2313.52
2100.36
2444.9
2311.44
2153.79
2321.32
2269.1
2338.82
2053.25
1912.7
2099.91
2110.22
2259
2277.24
1949.63
2289.6
2292.17
2310.27
1996.17
2205.82
2504.37
2012.33
2227.2
2234.37
2108.25
2110.6
2119.45
2314.08
2318.21
2109.56
2348.78
2179.49
2254.21
2089.4
2408.19
2183.69
2066.42
2525.4
2319.57
2211.41
1991.35
2288.1
2316.02
2175.66
2418.3
2260.96
2274.7
2177.88
2194.04
2463.73
2156.71
1955.48
2388.55
2358.42
2477.89
2375.09
2337.69
2212.53
2177.25
2431.43
2030.02
2315.04
2245.55
2051.56
2299.54
2136.3
2090.86
2186.97
2123.8
2303.56
2097.8
2082.48
2205.99
2048.12
2053.66
2144.61
2201.77
2391.13
2351.96
2055.37
2063.67
2225.08
2459.26
2243.07
2432.16
2297.11
2299.42
2017.75
2361.45
2291.62
2282.84
2301
2340.62
2485.43
2264.17
2152.5
2146.57
2403.57
2110.39
2416.87
2335.7
2145.7
2498.1
2289.55
1948.51
2215.96
2097.01
2172.75
2251.08
2449.98
2062.82
2340.26
2029
2176.16
2049.48
2281.87
2084.75
2146.49
2265.31
2016.28
2286.57
1910.38
2401.92
2055.52
2274.66
2323.18
2178.76
2335.72
2030.73
2318.3
2324.83
2310.75
2255.29
2337.93
2403.45
2172.18
2430.89
2279.94
2464.29
2333.96
2079.34
2284.51
2228.51
2243.24
2469.94
2295.24
2197.73
2193.99
2182.94
2227.5
2047.98
2342.08
1982.79
2005.8
2462.66
2302.81
2101.23
2179.03
2261.58
2152.94
2420.83
2403.1
2296.34
2224.58
1967.89
2141.46
2317.88
2241.33
2018.91
2222.44
2428.92
2187.16
2232.17
2187.3
2060.36
2071.86
2272.86
2273.62
2158.21
2301.19
2245.09
2170.8
2163.06
2259.14
1972.61
2223.13
2100.17
1972.24
2237.18
2187.53
2200.91
1951.55
2148.49
2342.2
2041.14
2073.47
2130.82
2432.92
1974.55
2529.59
2479.68
1906.67
2475.55
1971.27
2198.37
2180.15
2054.02
2354.25
2177.89
2261.76
2401.85
2334.83
2325.23
1935.43
1934.62
2340.69
2238.84
2201.45
1987.97
2151.18
2101.97
2480.26
2081.14
2174.44
2063.8
1946.29
2338.71
1952.67
1936.62
2112.75
2287.09
2212.1
2224.46
2366.43
2212.56
2135.22
2492.9
2401.17
2365.37
2428.11
2190.44
2093.04
2326.64
2390.45
2022
2522.5
2242.15
2218.99
2347.23
2437.38
2101.81
2064
2092.64
2242.38
1982.68
2262.55
2287.32
2129.99
2199.07
2209.03
2294.92
2311.35
2148.33
2303.82
2242.49
2371.94
2333.48
2455.7
2476.64
1988.04
2378.38
2076.4
1979.75
2134.73
2025.19
2044.02
2318.68
2080.37
2306.69
2268.65
2218.09
2233.48
2378.43
2027.49
2284.1
2226.78
2424.56
2232.52
2068.23
2085.83
2303.35
2019.11
2421.95
2141.42
2349.68
2350.37
2082.53
2159.88
2020.93
2072.52
2339.42
2415.82
2138.18
2315.24
2229.38
2383.51
2253.09
2371.74
2128.47
2118.13
2043.93
1992.17
2156.33
2304.22
2248.89
1958.39
2250.72
2252.14
2334.7
2397.31
2092.29
2373.43
2318.52
2185.92
2076.15
2189.09
2166.14
2287.99
2165.73
2463.03
2166.24
2298.72
2208.47
2335.83
2131.57
2096.01
2446.02
2305.58
2062.17
2431.49
2011.56
2212.87
2349.46
2337.84
1987.48
1969.64
2003.54
2159.97
2303.71
2351.07
2276.45
2292.86
2247.19
2422.08
2095.7
2375.36
2172.01
1932.4
2050.29
2165.01
2228.98
2440.1
2163.76
2266.38
2303.33
2237.18
2258.92
2132.34
2375.83
2048.98
2241.41
2175.15
2179.4
1999.99
2305.58
2106.21
2175.2
2086.51
2313.27
2348.66
2177.54
2047.31
2122.99
2232.25
2228.09
2308.29
2074.05
2287.53
2184.45
2301.02
2106.95
2433.26
2038.56
2318.2
2122.99
2005.86
2270.89
2258.54
2237.71
2286.11
2215.27
2318.73
2073.75
2451.98
2206.43
2311.19
2310.35
2332.05
2296.6
2302.61
1975.46
2121.64
2277.54
2294.05
2109.2
2258.71
2161.47
2467.87
2256.34
2113.96
2061.84
1939.46
2048.67
2018.73
2453.75
2047.64
2318.53
2112.21
2370.74
2057.19
2107.2
2381.31
2207.79
2413.79
2245.9
2326.6
2203.58
2138.75
2055
2408.38
1953.57
1958.01
2339.28
2093.17
2348.3
2127.93
2301.46
2395.17
2063.59
2124.2
2053.35
2292.67
2289.76
2351.37
2221.36
2245.1
2141.91
2076.22
2367.23
1931.53
1997.76
2350.07
2352.26
2268.03
2280.31
2172.14
2321.43
2187.06
2261.75
2021.69
2253.72
2269.55
2091.58
2233.47
2298.44
2324.41
2092.93
2119.36
2270.27
1992.57
2238.06
2531.9
2173.39
2470.76
2358.77
2267.02
2301.76
2319.14
2240.78
2287.26
2098.76
2372.63
2182.23
2307.68
2021.85
1945.28
2510.95
2256.8
2305.71
1979.37
2097.46
2239.42
2062.21
2295.59
2356.07
2119.26
2309.25
2059.8
2170.27
2464.17
2358.64
2262.39
2234.73
2191.4
2441.87
2412.68
2109.21
1942.8
2151.68
1961.57
2242.49
2274.59
2414.01
2078.85
2292.56
2405.4
1989.2
2008.04
2213.75
2251.12
2318.33
2035.61
2184.41
2182.01
2045.49
2240.14
2275.71
1947.97
2404.43
2107.8
2360.37
1969.57
2179.41
2045.25
2202.03
2325.75
1921.21
2074.98
2163.05
2366.65
2375.69
2308.9
2257.36
2492.86
2184.72
1920.97
2406.72
2204.75
2337.54
1928.21
2309.67
2249.77
2408.9
2191.21
2078.96
2071.02
2482.98
2315.96
2030.61
1989.57
2311.29
2414.44
2375.27
2217.64
1943.12
2343.5
2401.19
2046.37
2241.68
1992.37
2367.14
2136.46
2329.03
2032.89
1948.04
2012.23
2360.2
2149.2
2184.8
2057.44
2235.83
2340.89
2064.27
2120.89
2217.73
2076.54
1973.78
1956.73
2231.86
2155.45
2335.99
1992.32
2095.48
2090.57
2453.18
2275.77
2413.75
2053.73
2004.37
2162.95
2277.94
2016.85
2466.04
1982.66
2057.29
2338.39
2428.76
2155.72
2480.73
2231.15
2221.81
2461.87
2291.45
2144.33
2308.93
2406.31
2372.5
2075.94
2207.29
2033.75
2075.91
2253.07
2126.79
2336.01
2026.03
2165.15
2174.99
2355
2428.3
2426.65
2474.83
2131.42
2254.81
2438.21
2284.43
2068.58
2146.61
2213.31
2421.92
1968.1
1988.57
2398.83
1903.9
2242.83
2341.75
2382.79
2121.88
2487.81
2373.1
2169.21
2071.41
2040.72
1955.25
2108.47
2420.97
2226.54
2202.3
2114.72
2381.83
2305.14
2254.66
2080.19
2103.7
1973.52
2252.8
2273.37
2113.06
2167.23
2380.73
1946.72
2323.76
2367
1941.44
2046.11
2300.13
2396.32
2196.55
2150.75
2444.15
2111.41
2142.48
2285.45
2320.61
2110.33
2351.82
2259.47
2208.62
2338.25
2078.5
2200.98
2435.9
2162.18
2271.43
2107.34
2080.95
2288.73
1975.27
2181.2
2334.08
2373.07
2063.52
2258.42
2373.17
1991.87
2332.47
2330.49
2360.08
2119.62
1981.26
2275.77
2181.71
2045.35
2384.57
2256.28
2018.55
2398.88
2407.67
2343.77
2243.49
2414.48
2479.65
2444.07
2087.46
2306.83
2097.73
1978.24
2175.39
2234.45
2325.51
2296.21
2016.21
2175.58
2280.81
2175.05
1924.68
2213.05
2044.98
2424.61
2026.25
2256
2161.11
2287.95
2101.05
2302.36
2223.79
2361.88
2222.1
2391.46
2034.87
2138.3
2252.06
2388.11
2123.29
2193.24
2179.05
2354.97
2114.46
2319.07
2152.71
2326.09
2201.58
2284.4
2201.76
2170.34
1989.33
2381.36
2422.09
2320.81
2422.09
2113.88
2347.87
2187.82
2077.53
2173.92
2475.88
2339.95
2040.89
2264.57
2040.89
2417.08
2079.01
2348.01
2266.09
2392.45
2460
2269.99
2388.38
1988.4
2011.01
2106.11
2179.26
2298.91
1976.5
2111.08
2416.09
2132.63
2321.43
2296.67
2349.18
2029.81
2215.85
2151.3
2333.49
2405.47
2304.34
2484.17
2292.89
2310.09
2145.94
2473.2
2427.39
2047.67
2406.59
2010
2286.96
2106.07
2272.74
2083.03
2306.9
2541.25
2296.65
2129.82
1964.88
2387.81
2237.32
2114.8
2380.68
2222.39
2264.6
1964.41
2002.18
2008.32
2156.21
1946.3
2334.86
2052.98
2311.78
2204.52
2446.23
2024.47
2162.19
2108.91
2323.93
2077.14
1958.15
2215.17
2351.97
2259.58
2250.83
2125.85
2020.13
2285.67
2144.17
2318.31
2342.14
2155.5
2125.08
2043.99
2242.47
2488.29
1927.73
2218.8
2184.62
2130.08
2328.72
2097.61
2337.68
2326.82
2063.13
2213.58
2029.2
2427.67
2363.96
2236.52
2097.41
2113.26
2214.72
2310.47
2272.05
2061.01
2031.97
2296.12
2064.76
2299.4
2306.83
2316.63
2479.01
2214
2398.13
2383.95
2080.71
2024.13
2197.08
2239.7
2403.65
2264.41
2448.22
2257.53
2109.69
2283.64
2197.19
2379.6
1897.35
2334.36
2125.73
2183.8
2229.35
2309.19
2315.69
1942.4
2292.78
2188.96
2119.01
2197.89
2050.85
2164.01
1993.67
2497.44
2148.77
2254.8
2462.26
2092.56
2387.35
2191.12
2384.14
2322.67
2075.32
2139.13
2461.24
2501.28
2114.48
2315.22
2025.45
2412.82
2227.13
2255.17
1977.82
2203.81
2155.12
2087.61
2331.2
2094.03
2009.35
2081.66
2367.98
2293.28
2183.68
2041.98
2046.54
2438.89
2374.36
1998.22
2102.03
2242.5
2000.04
2290.42
2358.46
2378.93
2441.46
2411.43
2294.52
2326.17
2231.04
2369.88
2035.61
2191.7
2448.71
2040.82
2183.71
2194.02
1992.21
2046.3
2325.33
1974.95
2425.62
2341.26
1975.86
2070.65
2101.47
2416.11
2402.89
2408.47
1992.07
2189.59
2166.91
2194.84
2304.54
2100.2
2070.67
2064.9
2181.3
2106.12
2148.7
2509.28
2144.28
2236.66
2285.23
2155.12
2397.79
2206.72
2363.88
1979.5
2257.44
2350.02
2059.75
2012.67
2210.79
2105.32
2128.74
2243.15
1979.87
2347.11
2338.56
2349.78
2314.07
2294.99
2336.82
2263.9
2066.65
2041.44
2210.57
2122.42
2043.14
2281.55
2294.45
2371.76
2320.38
2039.44
2339.71
2273.78
2267.25
2333.85
2356.49
2258.49
2214.28
2088.53
2309.78
2418.49
2083.9
2477.84
2323
2166.49
2288.67
2164.16
2303.06
2261.16
2122.15
2138.4
2199.41
2112.73
2062.46
2397.42
2342.81
1951.23
2133.33
2370.6
2229.68
2164.56
2198.11
2237.94
1988.8
2171.57
2152.13
1932.12
2382.26
2178.67
2160.88
2078.58
2153.94
2266.53
2154.19
2450.69
2064.29
2143.02
2010.71
2285.02
2385.13
1975.37
2086.06
1996.03
2429.51
2140.69
2297.54
2249.8
1953.9
2351.35
2183.74
2301.09
2159.36
2120.32
2096.14
2402.1
2321.49
2311.05
1965.17
2447.44
2334.71
2096.76
2270.16
2340.83
2461.27
2486.74
2272.28
2245.87
2363.23
2268.21
2379.01
2218.65
2041.41
2287.98
2201.04
2402.55
2443.04
2403.1
2327.75
2141.68
2535.14
2417.7
2296.72
2030.04
2295.41
2100.56
2177.31
2262.79
2264.34
2159.93
2092.72
2339.3
2334.95
2422.94
2212.47
2209.15
2370.77
2337.06
2510.99
2131.96
2328.11
2062.53
2158.28
2351.78
2156.17
2142.42
2164.5
2190.16
2108.62
2136.96
2104.84
2321.2
2124.27
2151.38
2153.55
2080.6
2060.46
2457.36
2220.46
2164.77
2381.84
2034.51
2359.23
2361.85
1945.48
2321.83
2086.61
2308.76
2342.8
2336.67
2090.5
2054.96
2084.17
2320.18
2087.8
2188.8
2331.09
2182.51
2255.25
2472.82
2371.78
2242.32
2273.45
2254.75
2364.06
2410.11
2197.43
2030.3
2080.82
2389.14
2226.39
2315.65
2195
2421.95
2196.32
2173.4
2105.78
2352.99
1912.63
2349.44
2037.85
2374
1982.81
2085.49
2198.73
2207
2377.11
2101.65
2456.85
2117.22
2373.17
2338.53
2231.72
2052.13
2304.61
2160.83
2064.94
2221.35
2287.93
2036.17
1912.73
2172.38
2232.44
2321.64
2175.71
2095.72
2282.81
2347.22
2081.93
2210.72
2047.97
2293.89
2115.4
2283.6
2341.84
2265.43
2368.83
2394.17
2454.43
2186.2
2180.1
1954.98
2385.8
2409.23
2167.91
2341.98
2498.03
2333.11
2332.91
2466.95
2001.71
1992.03
2038.06
2391.29
2472.94
2337.26
2228.21
2235.69
2231.42
2037.44
2450.56
2457.8
1903.72
2386
2098.15
2215.92
2327.96
2029.29
2417.79
2310.8
2434.22
2295.69
2266.18
1994.75
2203.33
2147.33
2227.43
2207.23
2428.59
2073.26
2285.17
2242.3
2324.78
2269.7
1924.65
1980.65
2313.06
1986.51
2246.75
2413.8
2349.17
2076.62
1963.33
2515.94
2155.53
2166.83
2337.43
2013.69
2092.29
2228.7
2032.43
2235.19
2015.12
2062.55
2253.86
2238.07
2388.13
2157.11
2290.04
2132.85
2292.84
2041.48
2320.48
2371.06
2410.84
2150.54
2208.48
2125.37
2233.08
2208.83
2212.2
2544.46
2032.5
2257.46
2256.45
2266.88
2134.45
2345.86
2317.62
2183.84
2450.57
2244.12
2242.8
2324.55
2038.8
1990.42
2379.58
2180.73
2207.63
2124.07
2304.96
2179.58
2204.12
2209.34
1911.32
2328.99
2377.41
2266.36
2193.14
2290.32
2276.63
2143.58
2130.48
2269.69
2452.51
2467.48
2336.78
2128.01
2384.32
2332.2
2211.94
2358.69
1974.4
1994.23
2162.83
2285.45
2215.22
2306.21
2328.46
1933.32
2181.84
2031.88
2261.22
2339.71
2396.72
2460.16
2404.64
2141.53
2263.43
2081.49
2273.63
2506.2
2024.9
2530.57
1976.93
2183.49
2382.91
2422.34
2205.1
1990.13
2221.15
2138.92
2048.25
2054.04
2109.06
1962.16
2253.78
2364.58
2239.9
2355.1
2117.99
2356.13
2364.14
2274.23
2283.77
2225.51
2115.46
2120.28
2135.25
2104.75
2390.15
2333.95
2496.05
2120.34
2009.61
2151.88
2350.53
2096.96
2366.97
1946.33
2374.78
2197.75
2324.47
2508.84
2189.19
2070.29
2148.2
2277.53
2272.26
2064.31
2293.55
2164.21
2097.55
2309.92
2065.7
2200.42
2017.12
2075.9
2057.78
2154.92
2302.16
2086.29
1972.39
2076.8
2061.18
2009.52
2530.89
2225.23
2174.83
2119.78
2214.83
2354.82
2478.58
2291.82
2226.28
2217.73
2367.75
2253.08
2225.04
2180.25
2370.31
2438.3
2139.83
2334.54
2449.88
1994.52
1976.72
2028.26
2428.94
2364.05
2210.07
2205.18
2269.02
2406.92
2024.75
2234.27
2479.35
2141.65
2287.79
2090.79
2152.72
2188.16
2334.51
2008.73
2062.33
2088.81
2110.69
2471.72
2354.82
2072.69
2080.54
2240.48
2365.77
2312.45
2164.29
2126.26
2450.22
2246.38
2496.24
2249.35
2298.9
2211.24
2351.99
1963.12
2250.47
2490.17
2175.94
2209.76
2170.83
2398.44
2009.28
2110.73
2204.15
2308.13
2382.17
2441.17
2232.41
2450.59
2230.69
2238.28
2488.17
2019.45
2314.2
2105.69
2044.99
2154.95
2306.61
1927.33
2427
1938.03
2244
2158.98
2072.52
2105.53
2412.87
2305.5
2192.03
2133.36
1915.55
2217.54
2166
2146.54
2305.85
2472.87
2098.44
2151.1
2048.35
2277.66
2437.96
2123.69
2316.57
2251.72
2417.85
2500
2245.59
2308.01
1901.05
2289.8
2364.26
2326.12
2305.06
2354.33
2209.97
2154.48
2341.25
2203.77
2233.77
2244.11
2198.49
2468.07
1955.05
2348.74
2005.44
2376.98
2306.17
2079.22
2364.22
2112.13
2007.35
1990.67
2083.37
2463.65
2210.27
1997.36
2374.58
2261.03
1990.69
2298.01
2500.51
2495.01
2322.68
2077.01
1933.62
2314.6
2032.28
2223.75
1990.78
2401.81
2305.59
2349.54
2323.32
2347.69
2129.21
2093.36
2270.48
1993.81
2117.39
1990.89
2413.93
2329.78
2107
1962.24
2132.56
2114.89
1906.89
2316.65
2315.08
2334.87
2063.04
2019.92
1961.99
2040
2326.52
2339.41
2149.63
2249.83
2048.79
2211.28
2384.33
2025.13
2131.07
2254.15
1932.1
2515.21
2204.35
2146.36
2176.17
1972.8
2100.47
2243.31
2177.71
2391.16
2162.85
2455.33
2153.28
2374.69
2312.37
2369.49
2242.66
2274.87
2077.99
2469.25
2362.49
2130.45
2260.62
2369.02
2321.68
2348.87
2247.48
2313.24
2155.26
2144.33
2221.32
2336.79
2080.65
2229.48
2209.02
2349.16
2164.53
2210.82
2343.33
2060.83
2354.92
2020.2
1966.74
2235.71
2010.43
2016.76
2107.65
1991.09
2224.65
2253.55
2398.62
2178.42
2132.23
1947
2026.33
2319.42
2104.39
2243.77
1951.95
2342.06
2111.84
2353.89
2356.51
2152.76
2301.08
2232.95
2234.53
2112.97
2284.15
2403.13
2292.57
2041.47
2328.74
2262.69
1977.91
2177
2059.41
2310.29
2019.22
2387.67
2086.82
2140.32
2201.44
1911.62
1914.79
2274.13
2184.09
2115.5
2220.33
1981.64
2034.58
2238.36
2364.43
2245.76
2152.54
2040.38
2395.28
2303.82
2257.68
2068.54
2351.58
2251.09
2092.53
2273.23
2023.23
2496.63
2297.76
2095.54
2013.66
2383.02
2134.03
2218.26
2367.14
2020.45
2305.74
1971.28
2098.46
2071.8
2237.42
2075.33
2285.08
2181.28
2299.2
2201.94
2261.97
2381.62
2141
2371.47
2029.9
2160.08
2390.65
2451.32
2216.2
2465.69
2078.82
2025.86
2323.24
2212.65
2319.47
2438.26
2231.73
2272.02
2429.98
2217.33
2009.22
2200.61
2319.96
2199.85
2068.61
2037.17
2205.63
2051.33
2147.53
2238.4
2067.24
2343.16
2290.11
1972.68
2121.36
2339.32
2209.19
2035.22
2456.39
2226.59
2203.26
2348.41
2406.87
2475.5
1911
2190.24
2281.99
2286.51
2005.54
2126.17
2326.03
2299.32
1968.81
2159.86
2166.77
2388.92
2051.77
2142.36
2129.3
2183.86
2489.47
2389.43
2216.64
2170.17
2062.17
2168.1
2352.68
2063.1
2086.51
2278.39
2057.73
2101.25
2029.21
2236.57
2134.75
2073.33
2224.91
2240.43
2093.55
2015.35
2049.43
2229.88
2150.09
2289.42
2193.75
2287.76
2257.24
2270.76
2122.23
2167.17
2080.92
2162.44
2165.57
2414.18
2396.71
2174.16
2052.67
2361.95
2434.23
2279.25
2196.79
2230.21
2208.09
2064.51
2489.84
2431.03
2238.75
2276.32
2124.02
2110.66
2403
2498.55
2079.78
2369.85
2326.21
2287.2
2118.51
2380.03
2391.96
2125.48
2185.96
2188.59
2487.09
2391.12
2161.48
2051.05
2288.85
2287.23
2259.03
2221.69
2157.07
2169.78
2136.73
2230.82
2530.32
2285.95
2174.29
2400.62
2034.67
2107.83
2221.17
2055.19
2090.79
2027.15
2263.42
2423.61
2329.21
2066.19
2207.49
2457.71
2147.49
2272.17
2332.47
2115.25
2158.65
2102.79
2416.96
2144.56
2275.7
2096.15
2032.69
2417.85
2070.16
2393.6
2430.07
2004.6
2412.36
2420.57
2271.15
2054.99
2141.86
2119.34
2401.13
1984.28
2450.25
2304.41
2316.64
2099.07
2043.26
2171.57
2376.11
2359.49
2261.68
2053
2264.39
2407.53
2205.1
2043.72
2482.27
2210.41
2295.71
2103.57
2064.02
1906.44
2169.44
2290.16
2530.89
2256.39
2201.9
2084.46
2216.43
2085.48
2078.84
2024.32
2309.67
1964
2127.21
2086.93
2396.29
2354.21
2204.74
2056.4
2051.63
2133.45
2103.32
2232.17
2105.51
2232.97
2024.1
2299.33
2178.88
2267.49
2261.23
2284.28
2003.79
2407.63
2062.03
2125.6
2201.96
2202.6
2007.45
2057.56
2318.02
2285.99
2204.62
2185.25
2422.83
2194.35
2301.68
2141.35
2486.09
2368.08
2211.78
2423.83
2221.8
2237.36
2174.35
2311.9
2390.56
2142.02
2388.02
2233.43
2431.93
2414.97
2326.41
2285.12
2200.99
2300.85
2274.26
2206.4
2187.34
2386.8
1922.25
2161.93
2056.96
2233.62
2037.91
2332.59
2052.23
1956.41
2201.17
2392.36
2111.23
2306.67
2432.6
2328.73
2428.91
2291.36
2240.54
2107.53
2102.38
2236.2
2253.39
2146.8
2199.78
2472.23
2300.59
2271.02
2212.68
2323.59
2311.02
2376.14
2344.56
2459.6
2063.93
2469.41
2470.24
2223.3
2512.36
1946.21
1968.28
2303.81
2358.42
2122.14
2239.63
2219.14
2334.57
2133.04
2005.09
2527.98
2259.89
2429.07
2004.85
2046.61
2347.44
2436.21
2330.09
2381.18
2291.94
2207.36
2106.34
2192.59
2240.7
2464.94
2400
2288.5
2201.62
2004.23
1965.62
2410.28
2213.59
2048.89
2130.31
2016.85
2302.39
2375.93
2429.15
2408.87
2438.93
2251.51
2189.99
2107.76
2243.19
1925.94
2351.55
1910.95
2382.47
2041.74
2227.4
2458.91
2475.56
2427.97
2009.06
2499.21
2170.99
2265.43
2077.32
1984.58
2320.3
2250.32
2525.75
2262.84
2026.29
2261.52
2038.11
1989.04
2343.32
2530.61
2520.51
2052.07
2453.6
2282.76
1977.86
2107.62
2067.14
2060.39
1991.62
2127.45
2379.87
2235.32
2010.04
2367.05
2172.6
2298.81
2079.51
2228.9
2340.56
2201.38
2269.9
2196.48
1961.51
2341.34
2176.83
2396
2220.05
1975.02
2018.66
2139.41
2421.81
2283.77
2265.6
1982.56
2478.38
2366.65
2329.65
2252.88
2197.01
2333.36
2360.35
2245.48
2290
2089.6
2355.51
2170.92
2059.69
2294.14
2140.34
2344.87
2090.79
2218.81
2079.19
2225.51
2182.76
2340.93
2307.76
2168.09
2274.35
2175.17
2244.54
2358.95
2182.6
2037.22
2102.85
1946.95
2294
2152.04
2301.73
2175.31
2197.84
2338.01
2331.87
2394.67
2198.6
2233.57
2010.93
2283.03
2337.03
2315.73
2450.91
2169.22
2301.13
1884
2446.24
2128.04
2489.05
2340.81
2003.9
2465.47
2240.79
2186.17
2080.98
2156.4
2505.63
2381.48
2301.6
2152.32
2176.8
2088.09
2094.62
2255.03
2210.27
2242.46
2239.85
2316.23
2474.7
2087.43
2118.72
2170.08
2269.89
2237.45
2147.5
2258.63
2225.86
2214.57
1971.75
2344.38
2275.46
2053.41
2328.55
2290.09
2350.88
2265.4
2129.22
2419.34
2444.32
2321.87
2300.64
2122.86
2097.19
2443.64
2282.98
2015.02
2331.7
2489.81
2072.29
2129.72
2106.25
2190.94
2221.87
2351.89
2346.94
2105.74
2424.46
2142.82
2440.04
2465.92
2020.27
2143.07
1998.18
2264
2077.97
2168.13
2131.5
2393.25
2202.79
2453.39
2154.32
2166.36
2312.91
2211.25
2208.73
2151.26
2225.06
2336.24
2239.2
2496.6
2156.5
2311.75
2345.1
2269.3
2044.85
2399.66
1915.42
2192.96
2050.14
2302.76
2280.35
2232.87
2171.66
2525.53
2308.26
2159.81
2167.87
2248.08
2357.89
2113.75
2244.36
2122.53
2432.17
2290.84
2132.66
2226.21
2469.07
2050.59
2260.95
2357.49
2210.37
2452.82
2277.59
2228.79
2267.9
2081.45
2161.69
2325.05
2330.99
2291.91
2089.3
2382.16
2078.78
1957.81
2335.94
2504.13
2204.65
2235.35
2416.41
2478.06
2361.61
2226.93
2205.41
1976.09
2452
2253.56
2072.64
2131.29
2175.59
2355.53
2260.99
2094.12
2117.2
2007.37
2395.38
2117.42
2185.39
2193.66
2022.84
2100.37
2009.76
2157.41
2410.81
2416.37
2053.35
2068.95
2410.46
2326.16
2348.97
1942.37
2122.34
2158.68
2194.49
2446.23
2197.33
2091.46
2068.08
2118.26
2281.55
2255.05
2397.29
2152.03
2250.62
2234.7
2067.93
2127.72
2311.2
2305.65
2319.9
2345.77
2099.45
2222.98
2349.43
2256.25
2158.24
2343.04
2163.49
2407
2446.48
1949.28
2066.75
2078.02
2526.53
2232.06
1896.1
2059.78
2494.1
2449.13
1969.41
2350.76
2279.67
2407.66
2234.95
2406.47
2489.04
2384.68
2170.57
2480.59
2075.21
2139.85
2320.94
1935.43
2091.93
2276.15
2237.71
2255.96
2101.51
2261.9
2145.26
2124.03
2324.9
2164.51
2181.49
2113.09
2209.52
2497.61
2180.98
1970.56
1967.37
2083.68
2181.41
2288.81
2187.81
2294.11
2022.82
2208.5
2205.66
2028.42
2230.86
2228.43
2024.39
2328.49
2185.3
2031.41
2198.07
2199.69
2195.86
2410.59
1887.57
2453.29
2225.96
2346.88
2362.73
2098.24
2296.38
2414.63
2271.43
2210
2038.91
1925.73
2440.41
2157.27
2210.46
2090.84
2455.73
1998.92
2041.14
2046.98
1944.94
2033
2309.18
2037.83
2136.49
2182.39
2055.95
2369.78
2246.95
2000.4
2240.79
2284.93
1995.1
2202.68
2351.47
2369.74
2358.99
2090.06
2326.92
2472.69
2055.3
2304.67
2146.89
2157.99
2187.35
2457.62
2242.8
2288.12
2290.92
2078.81
2065.8
2128.76
2030.14
2068.76
2191.63
2358.6
2193.31
2441.08
2372.79
2253.69
2356.54
2467.46
2005.21
2327.24
2236.52
2427.98
2090.26
2215.8
2072.19
2053.89
2366.37
2251.81
1944.07
2313.91
2223.22
2244.49
2257.95
2189.71
2304.91
2212.85
1997.06
2187.44
2076.43
2177.56
2300.96
2091.64
2240
2292.2
2516.05
2262.1
2230.93
2013.16
2308.44
2276.63
2017.92
2137.08
2244.86
1895.78
2169.8
2190.96
2158.97
2231.58
2324.27
2370.02
2092.91
2001.21
2293.79
2055.26
2166.4
2070.19
2428.44
2347.19
2267.27
1953.33
2449.32
2260.69
1941.86
2029.8
2191.27
2067.6
2171.12
2310.98
2008
2023.62
2425.22
2049.5
2286.23
2257.52
2384.97
2055.76
2041.58
2307.82
2244.38
2086.84
2294.07
2270.98
2341.64
2023.87
2201.75
2198.19
1921.41
2109.64
2177.91
2047.04
1982.71
2363.18
2206.33
2229.05
2337.05
2201.55
1970.04
2063.13
2003.27
2421.71
2407.94
2191.36
2291.2
2195.73
2244.47
2261.4
2513.54
2365.74
2219.14
1913.95
1944.41
2179.66
2470.73
2085.51
2264.26
1984.35
2307.57
2235.94
2378.32
2418.72
2193.65
2370.79
1911.78
2369.52
2154.49
2273.29
2385.81
2089.12
2082.44
2146.89
2298.35
2327.74
2231.98
2069.85
2058.8
2374.35
2231.29
2183.78
2216.34
2334.02
2470.49
2403.89
2179.9
2327.55
2240.66
2245.8
2060.78
2168.96
2110.59
2121.37
2349.22
2118.09
2320.4
2038.41
2273.1
2342.93
2353.13
2414.16
2199.42
2361.5
2197.05
2313.89
2085.72
2137.41
2186.67
2055.32
2168.83
2251.7
2255.36
2278.25
2086.01
2385.27
2434.98
2131.21
2215.84
2149.27
2267.54
2033.6
2275.21
2268.23
2023.8
2058.4
2276.87
2373.87
2149.64
2455
2043.08
2496.39
2159.15
2132.44
2358.49
2316.14
2117.81
2359.15
2214.67
2246.69
2295.12
2084.74
2471.7
2007.65
2042.86
2126.5
2058.36
2396.57
2304.89
2153.14
2262.56
2445.32
2485.85
2302.44
2202.5
2170.16
2280.49
2119.07
2398.76
2035.38
1990.63
2291.16
2257.63
2297.57
2305.77
2052.69
2006.91
2264.49
2469.96
1990.37
2181.38
1954.37
2327.21
2307.1
2061.46
2207.12
2126.64
2063.03
2448.65
2090.81
2419.13
1961.58
2136.21
1911.97
2079.47
2025.65
2297.39
2322.06
2058.65
2051.59
2081.72
2203.46
2259.25
2252.55
2353.48
2298.74
2361.48
2121.29
2078.5
2223.43
2395.04
2157.42
2399.5
2346.62
2052.28
2375.89
2167.44
2314.04
1916.41
2086.23
1949.97
2096.38
2084.61
2411.52
2356.86
2441.76
2431.7
2256.78
2097.18
2455.49
2446.64
2146.75
2127.17
2307.48
2181.97
2079.65
2093.09
2067.09
2167.11
2149.5
2038.88
2124.38
2081.13
1978.24
2267.87
2164.33
2453.06
2305.4
2188.99
2406.09
2439.63
2109.43
2159.93
2279.31
2283.49
2241.5
2160.12
2066.71
2063.24
2347.56
1978.22
2165.66
2189.02
2243.26
2107.97
2019
1986.15
2271.52
2335.01
1896.15
2207.07
2363.4
2140.84
2334.03
2307.77
2203.04
2000.97
2304.46
2431.28
2063.89
2299.53
2064.69
2527.72
2076.4
2269.91
2156.7
2208.45
2215.03
2099.1
2191.75
2149.01
2398.54
2170.61
2392.53
2110.78
1954.93
2129.35
2018.18
2258.57
2026.42
1932.19
2206.96
2102.41
2096.48
2346.03
2131.85
2263.75
2322.17
2392.6
2142.37
1952.22
2038.2
2131.18
2145.73
2206.25
2024.85
2037.22
2120.94
2314.16
2358.33
2149.28
2255.76
2153.59
2046.73
2244.12
2165.59
2387.98
2036.66
1948.48
2104.85
2147.97
2218.25
2271.08
2171.15
1992.32
2324.64
2303.28
2366.94
2084.84
2325.66
2141.33
1976.35
2278.58
2386.96
2156.18
2435.8
2401.87
2359.56
1951.56
2258.7
2282.37
2182.31
2037.1
2336.29
2235.2
2406.63
1964.69
2488.86
2265.4
2259.01
2216.44
2084.74
2425.8
2261.41
2035.94
2037.52
2092.72
2404.49
2460.03
2497.06
2187.17
1990
2313.55
2359.28
2270.03
2320.53
2304.76
2125.89
2249.46
2163.55
2237.95
2299.48
2137.5
2234.13
2379.19
2144.59
2211.78
2111.48
2297.65
2308.01
2164.26
2394.59
2290.47
2457.69
1995.65
2320.1
1990.56
2112.6
2338.74
2391.56
2036.42
2229.25
2006.61
2157.96
2307.74
1973.55
2243.3
2111.38
2363.26
2228.16
2458.58
2210.21
2201.55
2388.36
2281.94
2401.4
2063.64
2339.63
2251.69
2331.6
2200.77
2472.69
2224.57
2409.78
2159.74
2047.98
2455.63
2196.39
2204.73
2339.13
2308.54
2272.41
2119.92
2198.28
2412.89
2024.46
2067.67
2467.15
2047.38
2128.72
2135.34
1946.61
2237.41
2247.97
2234.68
2376.96
2081.23
2372.38
2106.11
2455.05
2158.05
2077.11
2300.97
2145.1
2203.84
2463.35
2384.76
2081.04
2185.82
2286.36
2180.04
1890.23
1926.32
1994.46
2072.86
2037.44
2190.72
2397.11
2143.35
2180.31
2167.29
2380.1
2197.33
2374.71
2221.04
2134.07
2444.25
2010.14
2044.35
1958.28
2433.74
2147.36
2366.01
1983.96
2358.23
2367.75
2300.2
2078.97
2141.19
2121.73
2517.09
2324.19
2187.68
2061.04
2152.25
2211.44
2334.66
2196.5
2247.72
2017.82
2399.25
2014.99
2298.64
2030.9
2491.35
2120.57
2080.59
2436.51
2153.35
2327.29
2397.95
2205.4
1948.92
2300.68
2194.9
2207.33
2440.31
2085.87
2234.04
2273.12
2415.93
2363.77
2196.35
2158.49
2302.34
2118.14
2052.95
2369.84
2479.14
2127.22
2008.86
2187.09
2453.35
2206.21
2277.95
2237.95
2170.99
2106
2258
2054.39
2343.55
2259.6
2303
2128.04
2231.91
2380.52
2128.27
1999.12
2456.23
2111.5
2451.63
2054.66
2040.12
2396.94
2456.19
2254.94
2451.73
2371.17
2345.93
1997.19
1909.65
2151.98
2142.28
2396.81
2389.52
2042.51
2162.58
2053.86
2399.53
2408.78
2285.34
2065.04
2413.26
2219.15
2311.33
2051.35
2303.03
2310.1
1970.46
2510.55
2357.93
2074.06
2280.8
1964.85
2287.41
2281.79
2318.46
2125.44
2119.91
1997.45
2318.86
2289.69
2180.24
1999.19
2176.27
2283.3
2166.9
2177.2
2101.54
2354.39
1906.52
2137.28
2366.55
1906.53
2141.72
2340.52
2391.13
1939.95
2150.57
2020.13
2148.7
2117.86
2267.87
2237.39
2147.87
2272.31
2401.69
2106.51
2161.16
2404.83
2318.82
2089.99
2306.92
2022.82
2032.9
2300.55
2046.91
2090.95
1984.53
2230.31
2211.24
2223.44
2155.37
2199.64
1957.89
2366.71
1955.58
2006.2
2342.5
2293.79
2177.06
2224.84
2323.74
2160.18
2334.3
2303.06
2295.83
2158.48
1970.75
2022.24
2118.01
2147.11
1987.64
2137.89
2219.87
1942.86
2375.27
1989.56
2262.79
2012.69
2453.69
2018.08
2376.21
1990.49
2177.34
2416.28
2241.08
2236.74
2257.26
2307.29
2228.39
2427.52
2282.31
2429.51
2445.75
2243.52
2200.82
2409.83
2246.42
2310.46
2204.97
2184.96
2173.72
2165.9
2261.13
2124.04
2244.13
2085.05
2036.03
2352.27
2281.22
2281.07
2242.94
2108.39
2228.77
2515.95
2125.88
2129.28
2310.71
2214.75
2421.27
2207.65
2141.05
2279.28
2195.72
2080.44
2224.26
1971.94
2171.73
2527.45
2252.55
2302.45
2120.84
1965.17
1956.92
2394.95
2360.73
2047.1
2244.03
2489.41
2449.88
2003.49
2393.52
2181.15
2329.49
2254.16
2375.25
2111.33
2161.57
2010.74
2330.96
2218.98
1983.98
2012.78
2443.21
2442.91
2064.36
1879.09
2516.52
2226.5
2445.65
2392.61
2325.09
2365.69
2257.21
1989.94
2385.03
2468.34
2483.93
2037.97
2236.45
2072.87
2197.59
2306.04
2109.34
2266.21
2180.41
2057.01
2098.89
2382.47
2315.01
2329.98
2337.37
1975.62
2193.39
2323.87
2420.24
2114.6
2235.56
2251.05
2096.89
2293.25
1950.02
2274.92
2091.7
2431.67
2166.09
2097.42
2226.5
2279.39
2221.21
2085.82
2143.58
2112.93
2264.72
1933.68
2361.21
2282.05
2420.54
2077.23
2150.74
2341.04
2154.91
2017.64
2366.5
2230.11
2222.87
2154.76
2001.94
2329.21
2130.43
2201.09
1903.24
2143.87
2247.61
2231.66
2479.64
2049.81
2175.72
1922.18
1970.85
2012.84
2303.49
2201.46
2371.86
2188.26
2378.84
2026.31
2470.98
2311.82
2081.02
2270.69
2267.23
2433.45
2309.91
2315.59
2137.86
2094.92
2270.11
2417.84
1897.11
2184.86
2294.83
2379.85
2267.32
2183.12
2377.48
2407.3
2393.4
1951.14
2271.56
2296.16
2182.64
2114.82
2267.01
2189.92
2149.95
1976.3
2102.8
2368.43
2482.19
2249.21
2296.63
2053.33
2385.51
2280.26
2251.38
2228.3
2462.14
2169.55
2041.66
2413.32
2236.83
2264.19
2171.11
2132.23
2108.57
2309.69
2310.27
2174.24
2078.07
2400.76
1944.12
2265.83
2191.23
2207.94
2052.86
1962.62
2407.86
2140.75
2311.97
2092.95
2198.65
2119.76
2172.84
2205.73
2428.22
2088.8
2517.83
2399.67
2140.19
2218.41
1934.38
1984.15
2091.11
2302.86
2022.55
2146.39
2279.73
2124.7
2342.43
1996.52
2285.42
2449.57
2194.71
2400.31
2174.5
2215.42
2171.2
2278.1
1991.59
2097.56
1998.14
2324.44
2067.57
2232.26
2364.36
2127.11
2152.98
2292.53
2289.09
2113.19
2434.53
2219.61
2068.54
1894.01
2087.4
2354.02
1980.69
2319.6
2520.24
2332.35
2288.12
2500.38
2215.48
2079.79
2259.56
2519.54
2196.25
2153.82
2466.59
2192.39
2213.76
2204.09
2321.41
2081.8
2210.57
2406.32
2283.29
2493.6
2156.7
2204.01
2176.35
2105.9
1968.43
1940.78
2433.82
2277.29
2076.16
2334.56
2082.52
2031.09
2132.29
1933.37
2386.2
2330.19
2328.86
2488.29
2031.28
2231.46
2389.39
2409.74
2141.39
2082.43
2162.97
2268.77
2117
1900.26
1978.54
2402.65
2032.43
2119.07
2184.49
2217.05
1966.38
2179.53
2404.97
2146.98
2340.35
2307.97
1923.91
2336.8
2297.33
2373.68
2116.22
2269.11
2124.25
2009.83
2292.36
2075.53
2176.28
2267.23
2122.14
2117.85
2407.61
2399.83
2310.2
2214.12
2353.49
2058.25
2303.79
2238.83
2376.88
2132.92
2392.26
2021.48
2383.92
1950.59
2435.32
2314.7
2409.42
2278.72
2221.57
2210.67
2313.62
2199.82
2152.39
2343.69
2285.69
2114.38
1960.25
2264.43
2331.94
2047.97
2287.04
2364.49
2078.49
2142.92
2186.56
2052.85
2259.04
2149.27
2370.87
2296.82
2159.17
1940.08
2404.5
2169.08
1970.2
2504.87
2202.76
2162.55
2105.42
2324.12
2183.59
2183.25
2072.01
2185.43
2288.77
2028.57
2310.47
2193.85
2077.4
2090.15
2383.08
2210.95
2056.68
2138.75
1926.02
2188.85
2470.06
2216.78
2285.31
2341.86
2052.99
2307.39
2100.58
2269.81
2180.8
2101.49
2038.7
2158.95
2364.03
2134.05
2140.49
2085.47
2084.04
2232.5
2096.82
2277.95
2121.95
2176.56
2158.87
2058.31
2383.75
2302.59
2389.44
2425.52
2515.81
2220.08
2424.62
2430.9
2089.33
2330.76
2436.57
2122.24
2231.72
2005.25
2250.05
2107.31
2066.23
2128.68
2191.63
2297.04
2357.38
2322.85
2037.42
2279.7
2227.13
2425.14
2312.26
1967
2326.12
2331.45
2526.2
2107.27
2402.29
2161.15
2397.98
2520.51
2368.23
2459.41
2018.69
2361.52
2377.39
2354.79
1958.51
2351.71
2460.67
2099.83
2330.11
2322.72
2124.24
2138.54
2269.36
1932.82
2030.11
2262.14
2070.55
2116.92
2105.61
2020.95
2336.46
2200.05
1972.05
2399.28
2434.73
2327.14
2105.43
2216.01
2331.62
2264.51
2493.27
2223.83
1961.95
2192.74
2236.85
2250.11
2356.12
2308.02
2293.09
2397.97
2154.44
2366.25
2397.35
2353.24
2440.83
2298.3
2018.01
2169.62
2103.84
2125.89
2012.65
2123.31
2252.99
2195.98
2422.76
2151.42
2193.92
2248.74
2287.41
2254.37
2277.14
1925.4
2387.43
2211.54
1991.31
2076.06
2180.5
1927.97
2286.6
2125.64
2102.52
1955.14
2395.91
2042.68
2167.04
2320.65
2054.84
2095.46
2072.3
2448.78
2243.33
2175.54
2015.34
2408.53
2158.05
2393.53
2126.36
2045.06
2313.78
2066.98
2355.01
2136.77
2171.4
2300.67
2430.11
2122.29
2321.6
2052.12
2245.36
2054.5
2455.07
2009.86
2206.04
2269.51
2067.57
2071.4
2120.48
2089.64
2439.42
2161.37
2187.49
2378.61
2078.54
2307.16
2089.4
2336.74
1890.57
2319.17
2238.62
2197.81
2347.55
2201.54
2279.53
2363.6
2418.85
2150.65
2113.78
2420.62
2097.54
2348.43
2030.93
2043.61
2133.09
2373.69
2270.11
1978.64
2312.49
2445.19
2083.67
2301.07
1977.43
2372.66
2182.19
2378.19
2052.52
1986.17
2148.98
2051.24
2349.06
1943.04
2284.01
2022.42
2250.16
1984.02
2159.61
2430.83
2173.09
2101.96
2048.26
2294.84
2185.97
2314.29
2066.05
2177.28
2409.01
1998.16
2400.61
2251.3
2169.4
2065.31
2353.82
1987
2408.09
2229.1
2238.87
2092.84
2120.74
2130.24
2221.93
2324.92
2330.66
2103.29
2375.65
2130.59
2122.86
1986.13
2362.3
2125
2431.56
2154.6
2403.13
2067.78
2318.32
2358.43
1947.35
2356.94
2200.76
2402
2308.84
2010.17
1946.8
2468.13
2214.9
2208.27
2414.45
2437.97
2420.06
2254.81
2390.54
2360.13
2151.33
2320.87
2218.66
2051.26
2039.04
2099.92
2325.39
2019.12
1939.92
2354.64
2236.45
2265.85
2135.76
2057.92
2071.5
2082.23
2431.68
2221.25
2255.01
2210.1
2299.25
2285.74
2340.73
1917.23
1985.05
2241
2024.69
2314.98
2238.15
2373.41
2286.1
2356
2248.88
2272.13
2255
2260.86
2400.68
2014.71
1946.48
2253.55
2404.77
2322.48
2487.52
2307.21
2162.06
1993.3
2421.61
2264.96
2018.17
2239.36
2048.8
2365.63
2191.22
1926.26
1917.39
2142.24
2169.81
2195.53
2174.64
2148.95
2039.15
2011.77
2219.22
2081.03
2364.89
2045.36
2059.02
2168.09
2330.7
2468.82
2106.49
2172.68
2122.24
2410.96
2345.61
2071.84
2396.18
2347.78
2486.01
2309.34
2172.49
2190.29
2332.72
2256.67
2203.17
2306.44
2008.85
2297.51
2119.28
2384.24
2289.2
2097.1
2288.8
2373.22
2215.49
2116.12
2106.45
2238.58
2266.87
2193.46
2203.9
2174.43
2047.9
2223.98
2179.67
2154.98
2165.97
2225.35
2072.64
2206.72
2462.33
2450.92
2255.7
2282.97
2372.66
1994.14
2153.11
2316.35
2249.09
2147.4
2406.57
2428.47
2229.91
2219.36
2339.04
2311.91
2400.97
2120.4
2522.21
2270.66
2072.2
2082.38
2302.74
2161.54
2098.76
2346.67
2042.72
2393.8
2173.64
2378.68
2336.27
2140.97
1935.54
2178.39
1972.83
2072.59
2184.18
2352.75
2370.1
2411.74
1931.99
2337.22
2365.16
1952.23
2371.3
2486
2224.35
2332.54
2175.18
2252.39
2342.65
2065.73
2347.98
2151.21
2113.76
1996.01
1913.7
2295.04
2218.76
2212.53
2328.26
2109.1
2481.47
2218.33
1962.77
2123.84
2080.39
2207.91
2334.17
2171.78
2174
2414.48
2089.45
1956.44
2140.28
2317.66
2150.92
2030.98
2042.96
2182.29
2136.18
2430.41
2411.46
2227.28
2212.33
2436.19
2377.88
2168.43
2394.43
1968.19
1891.66
2341.52
2083.05
2026.98
2339.44
2465.65
2312.5
2133.3
2203.24
2138.72
1950.5
2136.42
2172.88
2223.94
2141.28
1971.73
2044.04
2233.52
2281.53
2359.4
2328.04
2030.14
1974.62
2250.88
2092.19
2192.96
2093.33
2404.93
2400.23
2458.7
2317.61
2070.87
2469.43
2342.28
2334.79
2432.22
2338.35
2387.56
2273.75
2278.47
2332.1
2003.43
2045.89
2411.18
2312.04
2271.21
2142.84
2242.09
1896.97
2354.4
1967.78
2207.24
2217.1
2229.57
2518.03
2379.12
2191.57
1978.26
2358.63
2423.93
2245.63
2233.07
2073.02
2239.01
2349.98
2182.97
2113.12
2023.36
2106.69
2060.97
2432.14
2199.26
2297.07
2381.44
2057.74
2179.96
1918.96
1997.17
2332.7
2155.12
2492.25
2348.68
2224.24
2357.27
2242.39
2108.09
2164.78
2284.35
2232.52
2251.49
2340.83
2166.04
2308.56
2056.56
2261.64
2025.24
2203.77
1999.39
2376.01
2248.38
2225.35
2455.87
2279.14
2321.39
2273.02
2247.59
2108.9
1976.49
2055.89
2037.46
2181.29
2388.7
2191.65
2275.42
1884.74
1979.2
2298.91
2192.59
2297.99
2232.02
2297.56
2051.25
2243.87
2078.87
2029.62
2379.6
2327.74
2286.81
2455.38
2310.9
2331.57
1948.63
2224.76
2275.2
2284.7
2264.99
2400.57
2159.44
2034.59
1942.6
2316.91
2395.73
2241.51
2407.18
2164.64
2459.61
2416.03
2177.56
2470.64
2177.44
2087.84
2132.56
2318.45
2098.13
2376.7
2240.49
2109.93
2010.46
1980.04
2180.87
2230.27
1997.67
2269.39
2108.61
2245.02
2043.13
2225.98
2340.25
2136.74
2340.76
2156.06
2408.4
2399.93
2189.02
1990.67
2024.59
2125.09
2132.83
2238.6
2173.39
2182.34
2297.09
2393.07
2196.95
2039.67
1960.57
2007.33
2231.05
2111.54
2406.69
2184.42
2021.18
1997.83
2413.42
2347.99
2315.7
2172.97
2420.7
2270.71
2072.91
2090.2
2394.29
2345.61
2281.34
1900.27
2200.05
2547.99
2263.39
2423.57
2299.59
2323.23
2079.71
2180.3
2019.02
2204.35
2364.22
2421.48
2334.91
2268.59
2166.99
2322.2
2124.74
2132.46
2325.88
1986.74
2213.37
2407.42
2368.36
2268.37
2297.34
2329.24
2418.45
2222.94
2082.11
2394.83
2136.05
2339.64
2467.8
2260.67
2244.83
2027.73
2407.63
2327.96
2253.39
2446.53
1950.4
2336.47
2231.11
1954.82
1933.89
2252.57
2329.02
2187.83
2190.67
2394.98
2126.63
2007.68
2228.59
2181.93
2307.62
2368.87
2267
2245.3
2112.15
2450.55
2337.51
2327.62
2324.39
2195.52
2136.84
2277.94
2190.86
2329.31
2094.12
2167.79
1982.55
2172.95
2006.31
2192.34
2077.4
2352.62
2044.71
2127.04
2493.52
2164.56
2130.06
2316.47
2290.48
1922.99
2018.38
2180.07
2193.21
2110.83
2133.95
2158.91
2408.48
2087.85
2227
2388.3
2221.06
2211.07
2239.43
2203.5
2267.83
2459.72
2503.34
2211.96
2401.4
2346.81
2081.1
2408.56
1968.89
2179.34
2335.44
2055.12
2409.67
1936.04
2281.21
2284.24
2311.57
2379.21
2391.92
2296.89
2192.73
2277.51
2170.58
2292.39
2152.51
2187.44
2139.55
2315.79
2268.63
2258.13
2213.85
2009.3
2206.31
2141.67
2082.45
2137.97
2168.86
2228.9
2006.6
2100.53
2089.65
2083.99
2387.09
2217.53
2106.97
1970.2
2230.7
1991.12
2292.19
1917.13
2323.04
2179.86
2199.23
2223.3
2497.52
2132.54
2044.86
2370.31
2233.64
2128.21
2131.23
2096.8
2395.65
2407.51
2222.56
2308.19
2133.77
2288.95
2026.34
2010.05
2200.51
2291.6
2271.09
2291.71
2353.02
1947.99
2210.89
2455.9
2456.26
1983.04
2129.7
2116.71
2363.75
2285.69
2256.39
2261.31
2133.3
2260.81
2077.67
2185.59
2129.05
2182.09
2495.11
2074.11
2210.4
2158.01
1986.44
2174.11
2209.49
2175.73
2136.6
2306.2
