2336.81
1941.73
1983.14
1888.03
2366.14
2164.39
1975.09
2296.71
2005.37
1985.36
2234.23
2255.45
2025.17
2186.72
2179.96
2086.97
1995.71
2537.62
2204.09
2002.2
2462.92
1980.11
2011.27
2365.09
2127.45
2362.39
2487.39
2245.28
2061.58
2067.53
2000.17
2508.48
2087.19
2157.65
2155.06
2285.46
2496.49
2167.04
2279.8
2086.17
2202.95
2369.83
2200.99
2358.14
2382.01
2136.25
2246.52
2169.4
2406.99
2124.3
2352.65
2118.29
2063.75
2260.97
2261.81
2354.33
2057
2449.59
2067.45
2099.7
1967.95
2337.36
2255.44
2438.31
2208.26
2522.81
2093.8
2501.57
2477.84
2556.43
2382.79
2259.58
2152.57
2112.63
2563.25
2468.56
2227.08
2400.47
2226.03
2012.34
2458.31
2395.11
2443.35
2184.07
2235.23
2259.79
2142.36
2177.76
2203.6
2418.81
2023.53
2374.52
2249.08
2250.66
2113.15
2289.28
2172.61
2102.16
2445.74
1934.24
2239.5
2075.1
2243.51
2212.9
2342.81
2519.36
2447.04
2394.61
2228.32
2509.96
2044.03
1886.91
2278.1
2139.18
2384.76
2409.94
2256.85
2262.83
2342.7
2093.78
2053.13
2096.64
2334.82
2423.35
2254.14
2249.81
2331.34
2280.82
2349.16
2327.35
2100.63
2145.64
2309.96
2091.96
2074.69
2103.73
2274.9
1916.47
2363.74
2194.81
2332.81
2548.24
2084.28
2602.19
2312.72
2443.91
2012.13
2414.58
2478.66
2164.46
2382.12
2333
2425.18
2024.38
2503.66
2442.8
1947.28
2058.63
2485.64
2335.31
1970.02
2522.1
1969.85
2201.5
1951.39
2045.75
2271.24
2326.72
2381.95
2031.35
1934.68
2168.34
2132
2455.67
2357.45
2113.69
2277.29
2035.81
2600.6
2013.53
2100.52
2281.54
2281.47
2112.99
2054.82
1973.51
2094.9
2305.44
2078.27
2251.09
2118.35
2020.48
2000.5
2097.27
1995.82
2488.62
2461.63
2444.28
2297.91
2068.08
2413.01
2453.13
2032.36
2397.8
2005.22
1900.86
2258.27
2347.77
2289.73
2294.89
2198.32
2151.59
2202.31
2035.2
2175.56
2406.42
1957.05
2293.44
2480.04
2071.65
2220.56
1993.93
2451.8
2232.28
2058.33
2105.47
1993.33
2320.76
2335.89
2080.26
2490.59
2293.62
2181.88
2101.13
2188.28
2468.09
2043.89
2256.37
2136.41
2042.99
2100.34
2216.07
2207.51
2122.11
2280.9
2062.65
2087.06
2221.33
2307.73
2411.75
2529.53
2355.95
2201.59
2476.72
2332.58
2295.64
2217.44
2022.07
2270.17
2358.66
2017.15
2379.02
2360.9
2055.69
2380.58
2046.33
1995.02
2174.28
2321.46
2369.16
2232.81
2420.68
2516.3
2530.3
2371.69
2524.13
2255.23
2560.53
2140.86
2274.02
2325.13
2092.69
2381.47
2173.42
2235.02
2528.53
2503.47
2405
2495.19
2146.14
2531.07
2098.32
2320.84
2227.45
2256.82
2174.1
2351.04
2391.79
2322.82
2372.45
2336.92
2442.65
2499.01
2468
2169.98
2430.92
2302.36
2246.97
2333.24
1999.99
2059.71
2118.67
2386.3
1906.4
2374.18
1996.1
2224.43
2173.12
2382.11
2068.6
2152.8
2338.7
2287.54
2106.75
2047.52
2232.15
2416.6
2278.92
2197.07
1971.7
2374.33
2183.82
2099.14
2230.86
2179.44
2354.85
2121.2
1970.88
2009.5
2171.09
2154.7
2184
2011.28
2224.55
2171.31
2276.34
2151.6
1972
2021.31
2398
2369.66
2065.76
2266.44
2074.74
2426.82
2408.59
2412.73
2465.9
2129.68
2123.31
2223.23
2461.99
2049.59
1929.04
2438.92
2045.27
2095.12
2043.01
2231.39
2380.44
2040.63
2199.37
2163.93
2291.91
2202.04
2398.72
2246.03
2097.66
2291.81
2441.86
2047.64
2190.65
2215.2
2243.76
2288
2421.03
2546.17
2405.31
2518.49
2307.37
2426.99
2141.55
2004.36
2216.83
2206.27
2252.28
1956.22
2391.1
2381.26
2275.45
2201.47
1993.38
2073.44
2211.44
2485.49
2456.46
2488.32
2159.69
2529.31
2225.69
2153.9
2101.67
2112.16
2395.4
2309.21
2022.92
2153.89
2600.73
2293.04
2502.72
2497.2
2330.99
2412.66
2325.03
2520.35
2504.79
2036.72
2287.77
2227.72
2416.43
2379.9
1959.59
2106.88
2224.87
2064.13
2403.37
2120.06
2293.17
2082.44
2299.04
1954.36
1954
2129.2
2184.86
2263.92
2068.1
2315.03
2264.37
2091.41
2433.04
2081.19
2592.68
2145.58
2017.15
2212.94
2364.55
2270.58
2197.55
2191.59
2354.87
2553.94
2136.03
2307.21
2443.99
2459.14
2306.81
2304.98
1914.31
2253.66
2320.58
2130.45
2376.46
2263.06
2037.6
2291.51
2239.24
2493.93
2231.44
2388.78
2218.33
2001.97
2227.46
2281.92
2137.68
2330.1
2542.67
2476.93
2066.36
2219
2417.24
2252.74
2134.24
1898.14
2222.29
2028.11
2346.12
2180.97
1925.22
2069.83
1886.2
2339.39
2219.78
1898.31
2465.74
2550.4
2098.28
2435.58
2500.59
2397.29
2154.95
2020.31
2524.47
2051.95
2175.17
2005.37
2261.04
2304.77
2340.25
2487.54
2082.12
2073.66
2128.42
2406.49
2575.25
2355.2
2350.77
2383.18
1971.16
2178.83
2334.68
2277.28
2300.14
2224.51
2026.27
2466.52
2270.55
2195.27
2331.56
2261.56
2251.84
2398.56
2412.38
2287.46
2077.6
2350.8
2422.56
1922.52
1961.68
2080.76
2432.68
2124.14
2067.86
2053.34
2117.07
2316.4
2213.06
2029.93
2280.03
2405.95
2091.59
2234.11
2105.96
2295.69
2039.72
2158.46
2506.02
2265.71
2244.88
2307.61
2007.47
2064.82
2266.35
2210.74
2208.45
2144.36
2213.62
2196.15
2279.36
2357.43
2390.96
2118.12
2142.85
2577.72
2107.56
2276.69
2262.48
2253.87
2048.51
2315.82
2060.86
2116.03
2209.16
1868.84
2004.67
2583.81
2371.31
2040.47
1978.62
2423.76
2387.43
1921.53
1944.5
2106.75
2081
2338.83
2020.44
2306.41
2287.96
2483.06
2294.04
2426.64
2488.01
1982.87
2164.46
2267.7
2161.01
2345.96
2448.96
1949.04
2209.02
1937.24
2175.5
2186.57
2543.61
2304.11
2427.37
2036.78
2379.58
2420.8
2522.99
2436.12
2377.02
2163.6
2095.51
2129.64
2082.8
2400.71
2367.39
2324.74
2229.02
2180.73
2466.95
2089.64
1963.82
2313.68
2232.58
2173.12
2027.25
2126.97
2489.16
2337.49
2107.64
2188.91
2259.91
2526.53
2215.75
2289.01
1947.4
2270.06
2141.47
1929.5
2312
2370.63
2154.5
2015.81
2029.53
2407.91
2221
2286.89
2379.58
2155.67
2369.78
2359.99
2184.74
2033.3
1998.73
2227.17
2115.49
2140.14
2194.64
2189
2093.57
2121.18
2279.26
2103.19
2332.41
1989.27
2180.22
2280.43
2543.47
2553.89
2349.51
2234.18
2450.08
2433.6
2221.35
2524.2
2286.13
2180.73
2342.32
2398.63
2324.04
2022.24
2308.76
2035.31
2076.81
2306.92
2206.24
2165.01
2499.23
2383.49
2095.84
2158.88
2309.74
2025.43
2028.42
2400.12
2325.79
2215.27
2032.38
2189.07
1976.23
2191.2
2404.87
2205.64
2101.85
2256.36
2081.68
2369.58
1971.5
2411.84
2480.21
2292.8
2431.71
2424.23
2152.88
2145.2
2015.45
2203.21
2112.82
2267.05
2013.04
2380.79
2092.54
2227.16
2484.86
2248.23
2182.65
2545.25
2136.15
2339.68
2362.18
2127.12
1852.12
2083.93
2435.13
2499.05
2287.89
1972.58
2162.17
2285
2212.63
2381.69
2294.54
2340.61
2222.27
2111.54
2320.01
2163.98
2245.83
2046.19
2374.84
2089.8
2187.5
2408.88
2430.62
1978.35
2185.95
1968.05
2125.62
2000.93
2290.79
2242.65
2135.28
2097.68
2160.43
2123.93
2267.79
2156.88
2225.42
2233.78
2308.41
2198.49
2163.87
2340.14
2070.11
2336.28
2228.44
1972.97
2370.48
2311.46
2184.53
1950.37
2134.16
2013.53
2119.43
2010.84
2243.85
2079.25
2205
1913.88
2326.69
2351.12
2048.77
2294.41
2463.64
2595.52
2047.41
2124.41
2248.62
2022.4
2052.32
2276.46
2184.49
2067.27
2411.55
2196.59
2169.85
2255.33
2088.39
2379.57
2213.73
2411.29
2010.82
2366.36
2200.46
2094.58
2197.34
2319.16
2252.89
2338.1
2050.06
2274.82
2247.28
2343.92
2397.22
2299.72
2433.97
2482.27
1955.3
2253
2091.25
2403.57
2292.29
2058.13
1927.24
2230.6
2327.3
2026.9
2165.73
1869.37
2445.72
2457.12
1954.29
2113.08
2277.75
1985.71
2071.59
2316.33
2109.82
2243.61
2421.44
2392.48
2428.64
2245.84
2134.67
2252.75
2409.69
2300.45
2106.8
2045.43
2069.92
2302.9
2430.5
2265.99
2384.37
2398.73
2133.59
2383.18
2201.63
2350.85
2219.27
2209.69
2333.27
2161.07
2400.67
2113.63
2101.77
2496.99
1976.81
2176.29
2265.63
2373.26
2519.76
2159.54
2415.73
2031.69
2026.12
1973.65
2234.53
1940.58
2401.97
1881.44
2340.51
2303.21
2090.61
2335.92
2372.73
2327.21
2288.82
1960.99
1966.28
2259.74
2393.9
2466.42
2243.02
2284.05
2271.68
1891.16
2212.43
2051.5
2254.18
2165.65
2180.41
2473.91
2117.23
2232.96
2335.96
1983.56
2082.12
2338.22
2406.22
2464.07
2520.84
2200.31
2033.88
2477.98
2502.98
2188.16
1956.8
1998.92
1989
2456.7
2331.26
2345.06
2362.52
2011.58
1868.86
2292.05
2032.39
2375.69
2228.33
2087.88
2150.13
2550.68
2069.68
2327.04
2384.1
2348.04
2448.83
2388.25
2130.56
2059.32
2158.57
2007.77
2455.89
2284.56
2228.59
2392.86
2401.87
2416.3
2159.18
2291.78
1930.98
2269.5
2077.68
2037.01
2015.03
2112.02
2365.63
2253.83
2454.37
2228.36
2089.07
2318.21
1991.24
2203.13
2445.22
2464.41
1917.58
2242.72
2498.36
1940.66
2448.26
2044.6
1936.83
2081.31
2517.06
2040.24
2175.55
2251.65
2048
2514.01
2419.63
2086.71
2089.53
2029.42
2445.2
2047.38
2135.85
2573.59
2107.73
2311.61
2361.99
2302.08
2367.85
2341.39
2004.17
2034.44
2093.84
1928.2
2330.63
2305.55
2343.1
2245.81
2217.35
2447.01
2083.7
2299.42
2324.3
1982.04
2213.98
2029.25
2339.8
2115.75
2351
2264.31
2063.26
2200.91
2222.59
2420.65
2297.76
2521.04
2340.29
2058.76
1972.83
2329.15
2327.35
1866.37
2342.05
2503.02
2223.58
2160.34
2498.55
2296.31
2373.11
2243.53
2298.02
2536.09
2193.29
2406.38
2237.66
2205.95
2013.62
2082.16
1997.37
2581
2253.6
2230.29
2103.49
2291.32
2208.52
2308.58
2035.48
2044.89
2015.31
1989.78
2498.25
2247.77
2420.31
2359.51
1991.41
2164.22
2247.68
2538.93
2274.06
2263.85
2089.39
1932.44
2135
2213.28
2222.01
2298.18
1997.77
2455.52
2093.35
2391.46
2434.3
1960.04
2514.24
2573.25
2399.48
2175.42
2324.7
2170.46
2033.95
2471.66
2137.27
2323.68
2400.72
2290.67
2021.64
2107.78
2092.73
2072.49
2236.61
2491.39
2383.48
1933.7
2056.65
2110.43
2126.69
2197.96
2479.86
2201.87
2132.41
2219.96
2116.68
2348.32
2138.42
1945.65
2251.15
2326.23
2217.14
2330.29
2086.78
1975.93
2261.99
2092.81
2070.01
2288.83
2381.26
2353.27
2065.65
2385.41
1909.08
2163.69
2029.67
2286.57
2155.29
2118.34
2419.82
2066.17
2575.28
1893.57
2559.87
2476.49
2368.01
2465.08
2333.24
1994.02
2228.39
2293.23
2060.86
2181.41
2402.29
2133.12
2335.33
2260.26
2049.42
2222.11
2312.29
2471.37
2388.65
2301.45
2307.71
2311.16
2064.17
2126.94
2086.32
2233.48
2299.73
2422.37
2019.4
2146.88
1906.67
2459.97
2304.99
2339.5
2038.97
2441.87
2280.98
2168.82
2279.42
2261.82
2243.75
2356.83
2310.97
2545.6
2277.26
2346.09
2238.51
2005.29
2136.35
2387
2455.24
2393.6
2258.54
2487.46
1921.28
2070.91
2121.75
2060.44
2193.04
2077.49
2521.61
2018.07
2307.14
2440.75
2546.35
2231.48
2457.71
2022.07
2191.71
1899.38
2427.96
2384.35
2278.11
2258.87
2348.55
2315.99
2332.37
2287.6
1911.81
2249.41
2043.99
2249.58
2517.21
2315.22
2081.54
2406.87
2328.49
2169.6
2212.95
1985.46
2290.36
2248.55
2086.2
2197.48
2098.77
2451.78
2015.21
2269.79
2394.14
2400.04
1991.51
2105.94
2521.7
2159.21
1974.84
2408.29
2039.13
2095.98
2129.23
2338.69
2288.41
2360.68
2448.16
2169.14
2037.58
2520.45
2263.8
2201.13
2403.02
2403.41
2252.5
2098.57
2511.47
2066.7
2505.54
2190.8
2302.79
2045.86
2097.57
2132.49
1895.47
2399.7
2302.73
1994.23
2143.67
2070.51
2381.29
2292.7
2361.64
1958.62
2505.91
2263.27
2087.33
2530.78
2354.09
2408.28
2380.84
2501.87
2261.94
1933.52
2446.52
2492.38
2182.47
2085.21
2034.62
2370.44
2461.2
2484.21
2025.23
2088.63
2056.96
2030.93
2065.08
2482.73
2380.49
2203.18
2239.56
1944.25
2336.07
2078.51
2120.8
2409.36
1895.6
2421.69
2079.87
2442.16
2179.49
2409.84
2272.64
2563.11
2397.71
2095.25
2165.14
2119.97
2311.13
2416.36
2368.08
2272.12
2000.63
2239.86
2209.27
1956.37
2589.47
2085.38
1950.5
2063.73
2237.46
2559.29
2116.39
2071.73
2281.57
2350.82
2006.62
2442.26
2342.68
2220.02
2378.46
2151.25
1994.46
2005.48
2366.37
2171.83
1909.58
2338.37
2173.54
2462.1
2196.93
2105.05
2155.4
2299.21
2492.66
2110.97
2381.1
2549.66
2017.24
2489.83
2223.7
2100.78
2123.88
2252.93
2222.56
2049.32
2023.37
1950.72
2395.31
2120.34
2167.74
2308.63
2108.81
2346.74
2471.45
2497.99
2090.5
1889.28
1972.8
2185.99
2353.36
2367.51
2274.17
2265.13
2121.68
2057.24
2366.5
1959.69
2092.85
2202.68
2300.58
2112.99
2341.11
2361.21
2119.75
2159.84
2414.79
2280.15
2323.11
1977.51
2210.09
2335.85
2573.63
2430.97
2433.45
2002.47
2282.84
2498.7
2153.38
2349.33
2179.27
2090.16
2151.54
2185.41
2015.91
2404.15
2306.06
2553.57
2073.02
2446.31
2354.09
2421.84
2131.56
2385.84
2237.09
2300.52
2078.66
2134.62
2357.9
2278.85
2424.56
2516.14
2063.44
2081.46
2009.31
2255.05
2358.84
2012.99
2334.67
2375.18
2085.11
2079.36
2344.36
2051.25
2169.84
2262.29
2081.26
1936.57
2372.88
1949.31
2364.72
2260.75
2460.91
2399.96
2330.95
2416.98
2248.52
2166.78
2067.21
2358.04
2222.4
2423.74
2188.79
2196.61
2235.68
2505.29
2254.97
2398.68
2361.06
2199.63
2090.34
2409.49
2209.06
2153.39
2226.15
2217.41
2360.68
2393.96
2259.34
2291.84
2533.07
2022.02
2198.97
2204.55
2019.77
1962.01
2259.53
1937.54
2233.06
2238.32
2260.49
2247.89
2193.67
2522.59
2493.14
2294.49
2004.35
2028.36
1972.3
1908.99
2291.84
2544.39
2403.65
2237.3
2341.27
2295.93
1998.1
2164.64
2120.8
2128.11
2255.13
2432.46
2346.46
2338.26
2368.48
1950.47
2517.99
2333.14
2099.17
2237.31
2324.73
2135.86
2086.6
2038.46
2133.78
2040.91
2093
2403.53
2449.74
2220.37
2311.49
1922.75
2365.41
2400.48
2009.15
2224.7
2527.38
2284.47
2110.37
2193.04
2378.69
2316.2
2349.51
2347.82
2025.67
2132.86
2133.17
2248.79
2295.61
2279.4
2332.58
2294.18
2158.8
2331.98
2500.54
2265.82
2351.4
2333.23
2299.66
2410.72
2426.94
2022.75
2021.61
2068.47
2411.03
1920.78
2379.75
2339.07
2365.36
2300.14
2385.27
2144.92
2390.32
2306.31
2180.96
2053.13
2400.3
2393.41
2474.21
2027.87
2315.64
2170.29
2048.98
2227.62
2053.3
2148.78
2199.51
2241.09
1918.42
2544.74
2007.32
2537.57
2179.06
2153.31
2272.99
2086.01
2398.02
2445.26
2509.98
2225.83
2124.02
2350.22
2321.52
2454.56
2262.34
2075.76
2327.02
2143.13
2456
1971.26
2069.45
2067.13
2443.44
2547.27
2172.12
2404.06
2345.7
2559.64
2233.97
2523.45
2089.31
2144.76
1914.54
2174.78
2409.02
2005.97
2382.76
2362.86
1937.3
1892.17
2458.23
2508.71
1963.14
2290.55
2215.05
2476.68
2009.25
2213.01
2084.03
2260.26
2106.89
2555.96
1973.5
2500.47
2373.31
2192.46
2435.89
2182.83
1953.32
2300.91
2087.07
2297.03
2101.21
2042.75
2257.1
2459.46
2353.29
2076.43
2330.98
2288.93
2069.57
2208.36
2289.32
2356.19
2451.94
2037.5
1910.15
2044.13
2375.77
2011.87
1956.71
2286.61
2362.68
2338.67
2010.44
2074.06
2044.14
2351.21
2336.69
2058.46
2498.89
2030.69
2122.76
2190.44
2388.95
1985.24
1887.21
2338.07
2452.09
2113.73
1945.47
2078.3
2324.93
2489.28
2029.14
2294.59
2172.77
2259.05
2090.32
1998.45
2015.78
2136.4
2098.44
1904.3
2302.55
2231.53
2197.8
2328.86
2163.43
2308.69
2007.58
2334.6
2473.5
2304.11
2195.57
2245.15
2171.17
2290.38
2226.93
2415.33
1959.64
2091.03
2306.58
2417.44
2306.7
2055.35
1958.83
2225.78
2514.74
2294.19
2056.35
2334.95
2146.13
2501.21
1981.24
2362.75
2150.7
2246.94
2181.68
2544.64
2142.22
2468.83
2081.47
2402.87
2413.18
2348.65
2351.38
2136.29
2197.68
2045.9
2498.04
2377.26
2115.83
2014.85
2125.58
2378.41
2365.9
2298.93
2069.36
2545.85
2097.71
2423.87
2580.68
2507.97
2357.46
2388.19
2304.15
1926.87
2558.74
2143.05
2035.71
2027.65
2253.53
2290.22
2106.63
2374.53
2481.36
2180.71
2058.89
2459.16
2453.99
2415.41
2227.45
2576.51
2434.19
2292.04
2353.83
2415.94
2044.67
2451.42
2135.76
2011.66
2272.74
2259.18
2115.03
1941.53
2071.21
2180.7
2204.51
2413.72
2187.2
2081.05
2366.08
2269.92
2141.94
2177.02
1906.02
2344.8
2074.87
2363.27
2302.43
2265.26
1965.54
2122.48
2291.17
1976.22
2404.45
2082.82
2116.31
2278.49
2195.64
2032.39
2077.65
2544.64
1953.21
2300.41
2563.04
2258.36
2006.7
2164.01
2036.5
2418.18
2326.84
1919.78
2011.99
2314.3
2332.74
2317.01
2351.65
1976.53
2483.38
2434.28
2397.69
2481.41
2423.88
2306.96
2107.56
2355.22
2314.6
2006.43
2277.58
1923.13
2460.28
2358.81
2194.74
2263.83
2279.45
2088.9
2488.28
2497.53
2017.31
2363.27
2055.37
2370.25
2373.91
2272.87
2352.85
2486.38
2277.45
2248.16
2410.57
2211.39
2375.54
2263.13
2179.69
2454.54
2419.91
2161.42
2008.66
2451.54
2127.66
2574.25
2064.9
2421.58
2111.43
2110.1
2079.9
2105.89
2385.9
2303.45
2197.41
2303.54
2300.09
2318.02
2349.79
2360.3
2324.95
2563.74
2330.5
2238.52
1963.45
2139.61
2353.7
2229.58
2147.22
2371.49
2141.03
2166.45
2195.7
2213.12
2078.29
2389.47
2498.31
2386.86
2534.12
1863.26
2410.95
2333.7
2285.85
2162.16
1917.29
2453.46
1991.39
2054.64
2423.41
2193.79
1948.28
2171.85
2315.47
2372.99
2089.55
2161.3
2205.1
2243.71
2289.98
2067.85
2422.8
2248.65
2553.56
2327.58
2001.93
2152.39
2097.86
2514.33
2033.86
2446
2503.48
2349.91
2099.89
2310.31
2181.44
2118.11
2099.76
2475.52
1977.98
1959.31
2115.63
2259.66
2342.81
2290.7
2484.09
2429.58
2428.98
2494.74
2413.83
1917.82
1913.88
2264.51
2279.32
1888.5
2297.27
2296.02
2405.99
2246.6
2400.48
2162.17
2249.93
2423.55
2380.24
2064.96
2388.03
2052.06
2231.3
2063.1
2043.46
2293.32
2355.3
2257.7
2248.46
2163.29
2228.28
2257.15
2425.12
2516.69
2016.26
2477.48
2139.12
2172.42
2159.18
2156.96
2060.47
2014.07
2437.7
2044.91
1963.42
2341.79
2445.08
2381.74
1999.72
2192.55
2471.65
2238.24
2141.33
2195.98
2225.99
2050.69
2488.07
2207.59
2364.79
2000.26
2301.23
2086.34
2276.86
2435.46
2458.83
2199.65
1960.46
1906.62
2138.03
2232.76
2399.64
2348.92
2246.87
2132.17
2318.38
2008.79
2219.74
2381.43
2130.45
2349.19
2259.18
2228.65
2040.56
2325.43
1982.03
2378.86
2476.6
2143.04
2279.82
2222.34
2333.7
2161.56
2071.48
2419.22
2334.01
1898.96
2578.45
2333.79
2205.42
2293.49
2029.77
2341.83
2220.37
2290.64
2330.26
2056.66
2179.05
2012.96
2238.12
2456.98
1947.02
2073.4
2184.64
2249.6
2513.59
2043.75
2361.81
2354.84
2412.92
2321.46
2253.19
2323.04
2250.71
2207.68
2019.55
2013.98
2602.01
2074.69
2048.57
2426.71
2267.35
2354
2201.27
2184.47
2362.46
2173.4
2022.98
2233.91
2483.97
2318.56
2333.78
2440.44
2044.63
2342.84
2012.36
2147.12
2028.5
2381.44
2184.96
2223.82
2288.79
2416.44
2236.27
2419.47
2485.38
2239.31
2301.28
1994.6
2087.7
2497.13
2335.73
1916.03
2085.99
2394.29
2051.48
2178.66
2071.3
2234.17
2212.57
2026.12
2019.78
2046.38
2315.8
1955.71
2289.81
2309.7
2508.55
2517.08
2214.85
2296.45
2122.95
2275.63
2424.14
2196.16
2017.89
2476.54
2366.09
2163.45
2062.85
2142.29
2265.47
2027.99
2288.4
2107.92
2390.16
1938.41
2362.08
2011.89
2220.47
2261.27
2088.87
2319.63
2204.44
2354.45
2032.36
2524.91
2118.47
2070.85
2245.9
2569.85
2298.42
2001.95
2354.6
2065.14
2386.52
2421.11
2526.52
2361.6
2237.41
2205.96
2423.31
2274.57
2465.65
2551.4
1909.71
2434.88
2084.06
2418.9
2448.46
2103.77
2173.01
2294.64
2468.81
2348.12
2059.5
2375.93
2382.33
2130.01
2154.04
2324.14
2095.94
2530.45
2053.46
2091.01
2086.2
2078.65
2238.69
2453.84
2034.81
2222.06
2112.99
2148.56
2130.76
2115.34
2428.13
2335.53
2258.64
2613.77
2201.01
2360.53
2328.22
2297.7
2471.29
1980.92
2376.97
2029.81
1956.05
2600.66
2101.58
2338.95
2272.93
2256.71
1925.19
2483.56
2395.1
2491.84
2217.42
1997.46
2070.22
2394.07
2226.05
2337.7
2157.29
2262.89
2421.7
2262.09
1998.32
2246.92
2348.57
2208.63
2532.15
2296.39
2130.53
2095.7
2138.42
2507.34
2409.9
2301.58
2196.48
2045.74
2151.81
2142.81
1966.87
2140.01
2086.22
2306.1
2204.77
1999.48
2254.65
2085.58
2225.13
2419.54
2403.62
2194.23
2267.6
2450.32
2068.01
2045.45
2356.87
2402
2318.26
2153.26
2296.69
2115.25
2195.62
2430.69
2311.25
2204.4
2325.42
2483.25
2037.04
1989.7
2158.49
2463.62
2280.03
2277.25
2519.16
2272.01
1979.03
2067.27
2142
2233.09
2070.42
2291.32
2231.82
2414.05
1974.92
1954.76
2235.87
2072.47
2160.2
2031.31
2084.9
2368.4
2138.11
2414.6
2039.68
2203.91
2177.67
2382
2216.58
2217.5
2368.92
2027.27
2345.39
2043.06
2116.77
2210.94
2008.21
1935.73
2327.27
2246.27
2044.31
2044.2
2353.39
2487.71
2099.16
2196.75
2427.35
2080.98
2489.63
1943.78
2191.29
2069.81
2427.37
2387.46
2178.42
1960.24
2338.24
2325.12
2235.35
2297.23
2191.69
2322.97
2342.28
1986.48
2282.86
2001.74
2120.27
2350.89
1989.24
2558.53
2189.97
2140.07
2312.99
2508.25
2404.55
1984.21
2132.4
2399.29
1955.78
2191.98
2312.87
2046.88
2319.1
2127.64
2271.62
2248.3
2251.63
2070.13
2204.33
2412.05
2346.98
1992.78
2061.11
2402.94
2269.15
2399.07
2237.66
2269.59
2370.22
2287.47
2346.85
2108.23
2153.64
2190.29
2304.53
2152.01
2286.09
2123.95
2250.93
2130.33
2351.88
2367.01
2277.91
2285.41
2223
2398.14
2259.2
2568.94
2020.83
2372.54
2454.33
2282.19
1912.17
2284.14
2101.49
2164.23
2164.82
2038.12
2153.72
2202.08
2075.89
2061.03
2062.3
2058.05
2318.4
2138.59
2099.31
2301.97
2265.7
2049.02
2090.46
1964.92
2122.62
2301.21
2251.22
2001.55
2110.08
2490.04
2217.5
2021.19
2325.8
2357.95
2184.17
2312.13
2404.91
2094.18
2301.31
2458.1
1979.64
2346.26
1917.36
2094.86
2008.26
2355.79
2171.93
2443.53
2073.54
2398.24
2164.92
2310.22
2247.23
2254.46
2065.07
2028.69
2166.97
2139.02
2020.17
2310.06
2306.22
2355.53
2029.17
1952.03
2152.4
2141.79
2357.1
2467.34
2082.2
2064.09
2123.45
2174.57
2167.92
2149.43
1970.78
2103.12
2292.97
2191
2227.27
2308.82
2006.75
2096.04
2018.37
2183.72
2202.23
2256.76
2169.58
2076.5
2191.52
2143.18
1878.9
2239.89
1901.56
2312.98
2318.04
2025.78
2168.18
2279.87
2306.14
2347.04
2407.25
2484.55
2271.91
2169.52
2246.79
2422.8
2453.05
2494.91
2320.58
2148.5
2054.81
2115.12
2187.76
2001.19
2155.32
2209.47
2407.69
2377.83
2241.13
2368.61
2147.03
2344.1
2346.98
2114.22
2200.92
1903.93
2180.35
2207.76
2141.61
2222.99
2185.11
2388.15
2504.95
2234.35
2338.67
2257.79
2132.37
2415.07
2320.26
2248.97
2298.94
1870.63
2135.59
2219.67
1928.09
2301.83
2101.58
2338.89
2177.92
2341.02
1990.57
2170.48
2479.4
2312.39
2275.82
2190.74
2068.6
2104.57
2247.65
2415.57
2294.41
2159.98
1897.79
2420.81
2100.76
1923.26
2228.09
2404.11
2166.36
2082.82
2244.09
2197.13
2066.18
1947.07
2170.32
2242.17
2613.83
2323.43
2162.9
2575.32
1953.93
2002.46
2162.88
2103.54
2454.99
2086.69
2400.64
2155.12
2307.18
2218.95
2167.34
2328.03
2290.37
2092.83
2126.8
2231.65
2098.13
2130.73
2318.65
1973.03
2204.09
2349.7
2146.77
2516.97
2329.37
2062.49
2117.89
2203.98
2143.2
2082.96
2180.3
2560.96
2223.94
2474.62
1910.17
2021.85
2121.84
2438.69
2426.32
2289.26
2384.54
2264.84
2551.11
2236.23
1980.32
2547.47
2327.17
2184.86
2096.92
2502.46
2256.98
1889.47
2474.88
1970.42
2049.18
2417.24
2150.58
2195.62
1931.21
2522.42
2303.93
2234.86
2344.55
1979.56
2284.87
2091.33
1976.1
2004.02
2303.11
2419.58
2279.63
2475.19
2367.38
2147.8
2376.09
2102.43
2227.08
2084
2046.23
2290.74
2336.68
2065.97
2174.03
2500.21
2193.22
2385.42
2346.23
2326.68
2124.62
2130.76
2074.27
2310.68
2020.58
2127.44
2273.5
2565.02
2051.57
2318.1
2092.48
2446.3
2040.57
2074.21
2421.21
2451.3
2577.85
2283.69
1927.9
2486.58
2232.66
2067.62
2335.98
2025.31
2326.77
2193.9
2010.76
2336.42
2017.48
2475.79
2290.77
2432.61
2008.92
2382.87
2256.53
2494.28
2096.25
2525.36
2269.83
2013.63
2167.05
2089.5
2214.62
2003.18
2548.8
2133.48
2367.05
2565
2052.89
2092.73
2031.34
2095.88
2487.65
2135.84
2087.33
2177.82
2464.29
2531.68
1919.66
2221.69
2277.53
2274.85
2086.1
2105.59
2350.43
2033.77
2018.25
2174.81
1896.01
2272.72
2113.71
2343.15
2223.83
2447.19
2054.84
2256.53
2087.39
2168.42
2306.17
2473.39
2359.41
2598.56
2226.85
2332.89
2093.25
1925.47
2286.08
2135.63
2410.52
2086.29
2391.74
2182.87
2019.63
2431.47
2220.64
1927.47
2283.33
2516.95
2515.42
2174.8
2144.1
2283.35
1978.08
2045.48
1988.05
2121.31
2423.52
2324.7
2525.05
2484.96
1998.85
2508.13
2178.2
1974.73
2272.07
2437.07
2466.57
2271.85
2092.9
2173.1
2131.3
2189.37
2499.29
1986.71
2192.6
2100.33
2172.8
2279.84
2354.17
2164.17
2599.89
2572.61
1946.7
1987.82
2370.98
2435.58
2154.02
2266.98
2295.03
2470.63
2185.33
1981.11
2144.89
2211.35
2328.54
2182.57
2315.52
2101.22
2307.79
2293.54
2010.66
2426.26
2281.32
2147.43
1994.71
2367.12
2568.61
2264.01
1971.83
2455.22
2472.77
2564.93
2145.82
2409.93
2341.19
2082.98
2150.98
2035.78
2442.55
2240.41
2107.6
2185.07
1994.86
2061.22
2349.42
2201.92
1968.94
1943.49
2147.78
2315.5
2185.75
2412.03
2006.94
2255.18
2160.44
2251.41
2062.76
2229.43
2159.79
2161.78
2154.25
1974.51
2247.84
2579.2
2329.61
2170.29
2297.33
2420.32
2487.08
2082.65
2166.64
2404.82
1984.99
2092.53
2416.61
1951.3
2279.12
2227.02
2460.84
2446.42
2094.9
2259.49
2213.13
2119.22
2052.2
2027.18
2555.09
2276.3
2506
2340.48
2386
2368.38
2198.64
2143.09
2301.7
2279.97
2051.03
2078.91
2096.48
2156.19
2381.98
2381.16
2180.8
2505.6
2169.55
2120.66
2122.14
2117.87
2225.56
2269.04
2128.94
1887.36
1946.97
2100.86
2060.58
2377.6
2404.99
2125.04
2191.76
2524.93
2415.52
2012.28
2442.15
2062.58
2304.45
2199.43
2369.96
2529.37
2189.26
2221.29
1998.67
2455.49
2028.02
2303.52
2447.92
2011.06
2434.21
2474.13
2118.29
2119.7
2508.42
2381.81
2497.76
1926.52
1953.49
2254.06
2502.77
2025.09
2028.21
2063.91
1900.54
2422.42
2323.3
2230.09
2309.2
2060.89
2369.01
2368.36
2161.57
2131.55
1932.29
1905.02
2416.81
2420.51
2282.29
2027.81
2465.35
2517.96
2037.26
2052.46
2172.13
2281.92
2359.07
2444.37
1955.96
2374.12
2292.54
2328.16
2061.41
2139.9
2240.38
2204.1
1959.44
2082.35
2185.01
2315.34
2186.4
1933.77
2114.59
2541.31
2140.82
2550.59
2156.14
2380.44
1922.79
2219.34
2530.88
2040.04
2055.67
2460.28
2124.09
2106.47
2060.62
2167.08
2042.91
2394.09
2239.51
2013.75
2481.56
2382.48
2211.2
2343.5
2477.48
2054.5
1991.05
2370.98
2557.72
2399.82
2129.2
2114.26
2370.52
2206.48
2563.43
2409.13
2409.72
1996.03
2142.67
2037.43
2385.5
2190.95
2127.6
2044.38
2366.69
2254.55
2416.2
2435.11
2217.41
1967.1
1960.45
2445
2245.02
2327.28
2389.58
2226.58
2329.71
2587.83
2136.43
2108.81
2357.13
2196.54
2467.52
1990.51
2413.2
1973.57
2293.77
1993.34
1952.13
2432.68
2286.17
2167.83
2560.18
2068.51
2427.99
2364.34
2207.79
2356.96
1987.72
2105.86
2365.01
2500.05
1938.9
2243.43
2305.64
2115.82
2122.81
2339.4
1991.94
2298.54
2013.75
2182.03
2177.93
2360.63
2151.65
2323.57
2317.41
2018.89
2314.75
2041.41
2129.58
2454.32
2011.57
2060.8
2141.93
2045.34
2220.75
2128.21
2152.14
2447.43
2277.05
2551.96
2019.64
2069.93
2524.94
2362.48
2286.1
2346.75
2298.37
2038.49
2110.63
2097.06
2020.97
2092.59
2139.32
2380.02
2415.53
2430.68
2400.19
1938.6
2358.69
2384.82
2048.79
2258.62
2314.8
2166.93
2345.66
2196.69
2081.21
2351.56
1988.77
2178.42
2147.74
2334.01
2091.29
2422.11
2415.13
1966.31
2333.85
2502.82
2083.61
2055.94
2150.85
2227.2
2034.92
2386.91
2198.1
2192.49
2090.19
2010.63
2257.94
2271.68
1963.03
2103.82
2230.4
2540.52
1907.77
2462.12
2046.07
2305.62
2312.6
2195.07
2184.54
2282.81
2235.92
2275.68
2057.81
2201.05
2144.63
2051.82
2063.49
2012.94
2157.27
2511.73
2183.66
2332.95
2337.92
2010.44
2214.93
2040.65
2333.8
2470.83
2461.96
2050.12
2030.84
2309.34
2337.65
2363.77
2200.41
2162.38
2271.72
2339.89
2053.92
2070.71
2223.78
2344.32
2316.15
2458.58
2433.61
2307.72
2053.55
2221.89
1924.49
2147.84
2481.34
2104.24
2234.43
2263.49
2024.67
1997.3
2396.83
1979.53
2024.81
2214.62
2318.04
2158.82
2287.65
2168.06
1933.91
2246.61
2079.09
2438.12
2112.48
2351.18
2183.32
2018.01
2016.4
2052.34
2407.1
1991.08
2111.79
1910.73
2325.09
2236
2087.9
2100.26
2047.85
2464.6
2191.44
2165.76
2452.72
2085.47
2358.55
2354.94
2077.61
1950.88
2537.17
2026.91
2521.55
1996.33
2411.96
2473.22
2271.84
2511.4
2038.71
2576.77
2334.95
2102.79
2139.31
2526.35
2442.38
2370.54
2065.35
2126.82
2239.95
2211.8
1958.89
2197.68
2182.26
2264.83
2072.45
2344.59
2371.85
2347.34
2036.97
2022.8
2576.36
2488.73
2058.94
2141.07
2062.22
2445.68
2087.91
2381.56
2413.93
2388.87
2286.89
2145.48
2246.18
2090.7
1980.27
2011.2
2070.93
2206.63
2148.89
2073.8
1960.05
2249.72
2481.99
2425
2074.79
2467.81
2012.87
2081.22
2186.63
2255.07
1926.37
2445.82
2028.92
2515.23
2399.75
2261.26
2096.36
2056.63
1898.66
1986.21
2490.1
1866.19
2028.59
2047.63
2393.14
1917.62
2182.46
2075.07
1863.75
2340.26
2437.92
2332.4
2209.46
2336.82
2338.43
2050.5
2141.5
2360.17
2319.56
2049.43
2291.93
2506.42
2390.56
2486.92
2387.91
2476.26
2359.4
2329.79
2130.02
2488.38
2200.9
2236.58
2336.09
2358.74
2251.63
2197.41
2155.84
2329.2
2336.08
2338.52
2122.43
2490.51
2354.89
2208.06
1998.43
1961.14
2227.97
2251.43
1999.44
2188.37
2345.19
2097.04
2434.8
2606.66
2179.78
2379.75
2311.71
2147.66
2051.5
2437.5
1994.84
2299.51
2121.92
2194.63
2105.37
2404.28
2442.42
1877.03
2230.78
2563.29
2413.42
2204.6
2553.86
2304.89
2219.72
2129.74
2139.09
2073.45
2388.64
1988.32
2212.17
1881.23
1934.9
2055.99
2289.96
2109.68
2234.82
2306.94
2286.47
2019.25
2219.63
2280.48
2025.38
2106.59
2305.58
2258.86
1948.01
1968.96
2342.79
2041.34
2114.92
2234.65
2418.9
2536.85
2305.57
2105.57
2276.43
2282.01
2141.91
2315.62
2516.03
2444.09
2033.57
2531.3
2474.79
2455.39
2171.26
2097.17
2331.13
2411.22
1976.73
2274.79
2175.12
2241.46
1959.84
2493.75
2150.25
2295.74
2281.04
2053.46
2169.03
2215.44
2610.88
2206.9
2418.43
2366.78
2225.13
2043.47
2074.27
2271.57
2447.09
2486.92
2055.31
2249.58
2104.85
2005.19
2313.11
2098.58
2116.1
2038.28
2571.52
2081.98
2140.77
2174.08
2332.42
2394.61
2312.22
2067.92
2121.95
2570.52
2090.45
2337.66
1915.21
2263.76
2061.4
2397.27
2263.86
2022.98
2210.16
2392.27
2125.92
2104.07
2342.28
2170.14
2234.59
2255.77
2372.59
2315.52
2094.75
2010.15
2447.1
2088.85
2064.49
2513.71
2140.73
2373.59
2119.71
2064.18
2179.2
1925.42
2373.04
2172.6
2366.05
2151.75
2136.32
2177.17
2278.18
2425
2375.38
2375.56
2184.12
2299.57
2276.9
1888.37
2509.22
2091.94
2368.99
2601.84
2135.08
1934.9
2504.25
2269.67
2460.85
2110.65
2452.97
2459.55
1885.92
2083.66
2478.28
2010.25
2195.06
2357.24
2027.78
2098.5
2529.38
2033.4
2324.64
2475.74
2462.16
2366.06
2129.14
2104.74
2147.15
2021.21
2183.28
1901.5
2090.02
2459.79
2387.15
2546.74
2455.65
1924.62
2317.29
2320.06
2350.74
2179.68
2317.31
2542.96
2109.09
2592.41
2263.66
2351.52
2180.08
1935.61
2143.03
2395.17
1999.49
2406.84
2011.81
2384.11
2169.06
2216.56
2136.54
2265.33
2452.8
2273.48
2099.11
2195.04
2160.14
2277.44
2336.06
2199.38
2261.41
2573.61
2076.16
2204.33
2160.59
2339.12
2073.76
2181.35
2403.21
2338.49
2513.48
2257.9
2088.75
2102.8
2002.85
2477.77
2347.76
2124.76
2186.03
2381.41
2457.82
2236.71
2396.28
1978.59
2179.67
2249.88
2425
2212.15
2288.22
1990.95
2383.31
2542.44
2288.22
2267.01
2059.67
2299.45
2479.59
2118.09
2104.68
2364.31
2326.93
2187.24
2339.32
2227.49
2386.12
2318.14
2217.92
2313.49
2038.55
1915.06
2444.02
2182.66
2454.02
2028.93
2238.57
2069.3
2483.15
2152.69
2334.95
2168.25
2393.85
2371.45
2182.1
2369.69
2321.21
2415.72
2333.16
2119.61
2397.88
2462.1
2017.88
2376.69
2377.31
2189.56
2223.03
2240.87
2447.44
2485.22
2404.58
2083.5
2042.91
2246.57
2334.65
2413.47
1960.97
2326.88
2580.39
2356.21
1919.92
2148.15
2393.09
2055.63
2181.97
2106.94
2164.67
2377.52
2261.04
2146.25
1957.34
2003.23
2181.3
2433.04
2034.87
2315.32
2008.91
2311.77
2385.1
2207.88
2363.47
2366.39
2332.9
1957.77
2110.89
2437.46
2104.8
2232.2
2416.13
2205.55
2408.95
2302.52
2292.9
1998.44
2396.35
2278.01
2489.01
2140.36
2459.55
2297.24
2040.72
2285.96
2165.38
2352.99
2076.27
2546.84
2058.88
2094.09
2448.11
2119.42
2029.98
2317.97
2395.46
2312.2
2409.64
2044.55
2281.72
2176.58
2098.05
2286.93
2484.94
2179.26
2128.17
2234.11
2196.35
2179.35
2213.06
2201.59
2119.26
2220.6
2220.95
2056.72
2427.19
2007.25
2082.98
2279.26
2240.23
2277.98
2193
2434.37
2186.86
2219.17
2410.22
2135.17
2505.16
2360.36
2436.4
2597.08
2319.25
2443.84
2212.62
2124.83
2211.88
2454.71
1887.53
2328.47
1918.67
2010.32
2496.14
1980.98
2417.47
2295.49
2340.45
2013.42
1978.92
2463.31
2290.42
2125.91
2096.53
2370.62
2194.53
2402.62
2062.24
2225.59
2474.69
2356.06
2155.99
2190.6
2117.72
2455.85
2504.05
2337.4
2419.06
2157.25
2394.24
2365.46
2304.98
2032.73
2520.13
2287.96
2000.94
2436.6
1982.89
2387.13
2119.5
1906.96
2143.8
2415.21
2448.61
1934.43
2377.2
1913.76
2198.02
2158.72
2311
2289.39
2224.81
2237.2
2381.47
2122.3
1980.4
2311.3
2276.24
2283.84
2337.94
2348.46
2258.99
2522.69
2141.62
2068.35
2121.87
2450.95
2495.76
2409.82
2249.9
2026.94
2398.78
2548.89
2107.89
2335.89
2407.02
2071.04
2142.08
2526.24
2148.8
2059.79
2350.48
2414.14
2160
1920.11
2303.97
2270.73
2003.47
2170.07
2294.71
1946.18
2331.14
2226.44
2478.27
2194.16
2452.9
2366.87
1942.35
2063.96
2203.16
2454.66
2075.26
2113.37
2453.29
2471.94
2201.31
2051.01
2293.13
2407.94
2013.97
2299.86
2257.15
2548.91
2048.51
2017.48
2311.34
2366.91
2381.27
2244.94
2303.48
2116.92
2337.44
1935.43
2500.12
2086.7
2360.02
1912.91
1988.24
2479.44
2355.28
2187.85
2399.91
2347.17
2488.56
2280.09
2126.93
2298.06
2548.2
2119.95
2249.32
2104.78
2310.12
2478.47
2009.21
2280.38
1985.19
2279.8
2137.5
2190.22
2109.9
2137.91
2217.42
2036.16
2217.06
1981.69
2190.57
2175.24
2289.75
2292.62
2246.5
2056.7
2361.76
1973.72
2339.12
2338.14
2448.21
1952.36
2284.05
2316.87
1983.64
1951.99
2074.17
2229.08
1924.87
2183.44
2328.61
2080.52
1954.1
2080.73
2496.17
2280.5
2065.03
2210.73
2213.47
2283.26
1891.31
2239.89
2547.48
1916.45
2199.31
2083.18
2326.12
2183.21
2176.69
2625.75
2302.63
2439.54
2363.96
2074.24
2493.09
2313.63
2196.19
1957.98
2200.2
2327.84
2298.84
2259.13
2012.34
2012.4
2382.89
1965.79
2084.87
2458.66
2436.29
1910.5
2185.04
2412.84
2327.53
2463.18
2129.05
2446.91
2095.64
2391.4
2157.76
2439.75
2310.61
2229.49
2050.08
2308.16
1936.82
2161.24
2138.48
2503.45
2059.84
2088.63
2161.77
2248.9
2091.36
2245.84
2168.57
2062.83
1957.83
2254.92
2246.45
2352.81
2158.24
2377.32
2276.07
2422.43
2050.61
1924.25
1865.45
2287.94
2363.12
1953.73
2157.66
2342.99
2302.04
2052.58
2492.3
2432.28
2134.16
2020.21
2583.8
2392.39
2406.38
2090.14
1990.79
2268.99
1963.96
2484.65
2162.69
2111.38
1963.41
2131.56
1983
2395.89
2248.69
2180.19
2470.95
2134.51
2152.73
2256.2
2198.93
1989.19
2336.07
2129.6
2081.61
2432.24
2062.69
2139.18
2492.6
2449.14
2088.47
2254.54
2379.42
2347.69
2026.94
2009.89
2453.71
2046.78
2357.37
1992.04
2412.95
2437.98
2313.92
2376.11
2397.28
2006.38
2345.94
2232.99
2177.17
2057.86
2158.05
2265.57
1977.11
2188.2
1979.1
2331.33
2244.63
2404.7
2537.41
2102.27
2016.17
1953.82
2176.11
2207.45
1985.01
2112.6
2125.85
2135.17
2304.76
2435.93
2307.89
2321.99
2014.32
2144.51
2137.09
2229.94
2246.73
2049.3
2177.09
2433.24
2371.26
2470.23
2062.55
2387.98
2080.78
2252.02
2150.72
2001.8
1923.88
2562.47
2244.02
2252.37
2060.91
2147.51
2056.61
2527.96
2011.06
2099.23
1957.19
2380.06
2084.89
2018.5
2321.99
2106.54
2345.36
1995.47
1953.24
1961.17
2409.17
2409.92
2423.54
2353.91
2478.01
2147.53
2389.97
2594.24
2230.27
2477.23
2143.41
2090.4
2061.72
1987.67
2069.09
2169.85
2210.58
2369.18
2360.18
2460.54
2146.46
2134.54
2518.65
2089.65
2110.92
2066.26
2119.59
2418.83
2048.61
2488.57
2343.72
2257.24
2171.66
2362.5
2440.12
2135.33
2181.86
2451.29
2518.5
2324.15
2052.4
2099.56
2242.47
2158.14
2383.3
2202.23
2156.76
2131.93
2026.34
2092.45
2352.97
2178.15
1934.27
2073.05
1954.67
2527.47
2412.87
2209.35
2399.52
1920.63
2044.44
2275.65
2386.51
2434.86
2159.83
2002.66
2331.31
2601.67
2210.05
2439.67
2293.27
2320.08
2296.47
2482.04
2362.25
2460.57
2052.73
2053.32
2255.51
2574.91
2401.32
2183.71
2258.83
2283.39
2172.9
2078.69
2207.94
2332.69
2061.05
2551.43
2199.26
2507.44
2048.45
2397.2
2401.37
2219.18
2148
2370.98
2365.93
1945.55
2114.57
1979.65
2120.07
2246.31
2027.84
2355.09
2329.44
2092.06
2437.4
1941.8
2136.15
2505.16
2095.41
2145.44
2065.85
2037.75
2391.38
2131.97
2308.32
2337.63
2391.15
2502.56
2032.53
1991.64
2141.16
2465.16
2338.14
2258.05
2020.64
2426.03
2006.21
2406.2
2053.09
2266.22
2481.07
2380.67
2120.26
2102.07
2043.91
2180.73
2341.59
2221.34
2253.6
2178.43
2312.7
2264.08
2109.04
2383.07
2150.93
2325.96
2310.6
2341.58
2195.41
2336.99
2278.91
2340.84
2589.47
2145.9
2050.91
2401.85
2143.57
2237.67
2498.08
2492.19
2564.4
2594.97
2184.9
2093.75
2379.58
2526.39
2294.95
2424.35
2393.08
2225.07
2214.24
2480.94
2356.68
2429.76
2047.89
2400.59
2262.17
2068.92
2110.13
1949.73
2339.64
2163.34
1978.01
2200.89
1970.69
2372.88
2264.02
2095.73
2159.53
2201.55
2075.81
2176.32
2055.77
2203.87
2128.61
2104.7
2034.74
2264.2
2262.06
2265.3
2234.33
2483.17
2131.59
2302.8
2361.45
2461.76
2271.26
2506.36
1981.78
2481.6
2251.66
1979.29
2363.06
2285.78
2372.56
2055.73
2294.46
2197.69
2480.31
2074.49
2190.72
1986.66
2356.92
2401.07
2470.97
2260.43
2030.5
2222.78
2392.59
2230.81
2385.87
2431.17
2256.18
2306.04
2291.71
2549.54
2184.73
2430.18
2069.77
2215.25
2009.95
2421.63
2231.75
1975.76
2144.82
2113.9
2240.54
2428.7
2018.41
2239.88
2376.4
2264.6
2085.44
2332.32
2394.29
2430.77
2127.56
2435.08
2312.5
2019.03
2101.07
2266.19
2308.11
2224.28
2364.01
2099.22
2348.38
2100.37
2015.23
2299.48
2390.65
2553.53
2093.93
2150.94
2180.29
2315.6
2026.12
2029.28
2366.4
2336.02
2576.2
2287.79
2270.99
2450.22
2459.17
2069.18
2020.69
2507.42
2409.39
2007.8
2130.49
2461.37
2157.05
2007.34
2473.43
2466.82
2141.12
2020.91
2050.51
2134.09
1924.21
2400.52
2573.35
2296.7
2328.95
2485.48
2277.15
2306.62
2201.37
2232.45
2400.19
2428.12
2216.3
2334.63
2475.5
2303.61
2493.35
2383.06
2259.26
2221.63
2039.44
2412.2
2422.04
2208.12
2323.57
2000.47
2282.35
1997.67
2615.67
2186.29
2484.58
1958.97
2337.61
2129.68
2064.89
2293.49
2024.84
2191.34
2223.04
2405.11
1949.06
2049.2
2135.52
2026.96
2068.85
2246.19
2073.7
2352.72
2111.95
2328.94
2327.98
2445.93
2388.87
2177.11
2078.4
2032.05
2091.69
2140.8
2020.09
2291.52
2320.16
2313.55
2193.73
2525.76
2227.41
2045.35
2262.25
2145.85
2184.56
2316.42
1987.55
2304.34
2448.16
2527.74
2361.23
2092.9
2085.54
2111.06
2407.85
2023.45
2200.82
2210.38
2094.3
2574.48
2413.64
2125.82
2242.03
2006.32
2264.66
2135.79
2316.39
2465.58
2025.47
2012.23
2170.7
2138.82
2204.98
2302.86
2244.16
2330.93
2494.89
2234.89
2306.44
2249.33
2053.99
2215.27
2363.64
2380.87
2264.32
2093.1
1962.26
2004.35
2198.39
2080.47
2180.02
2005.25
2502.43
1963.5
2530.07
1941.85
2300.21
2544.85
2494.04
2033.25
2079.9
2246.93
2457.63
2034.06
2181.7
2313.29
2479.5
2318.24
2210.04
2251.47
2020.01
2277.03
2460.62
2086.4
2170.31
2335.24
2480.13
2230.72
2029.55
2332.44
2027.37
2284.95
2405.51
2349.4
2356.31
2244.76
2268.1
2464.66
2256.13
2315.57
2029.06
2281.34
2051.38
2025.59
2065.98
2096.16
2112.43
2368.32
2522
2276.09
2101.23
2168.96
2074.44
1979.14
2233.53
1915.03
2215.37
2247.9
1922.3
1983.86
2163.8
2189.76
2110.7
2484.43
2031.4
2208.69
1947.95
2447.85
2076.13
2420.07
2082.25
2158.96
2067.99
2498.97
2284.61
2371.35
2177.78
2296.15
2456.63
2523.69
2133.22
2294.86
2123.28
2241.58
2144.77
2453.44
2077.83
2083.16
2112.24
2164.99
2177.5
2278.2
2035.45
2204.44
2406.08
1953.4
2199.9
2270.74
1945.21
1962.86
1996.77
2093.71
2206.12
2308.24
2361.35
2468.98
2269.21
2137.41
2046.82
2091.82
2129.65
2158.46
2302.98
2193.48
2428.24
2320.16
2141.27
2104.95
2000.6
2353.9
2327.36
2286.66
2468.1
2213.6
2182.55
2203.83
2108
2117.97
2335.43
2279.37
2082.37
2330.24
2241.76
2130.98
2349.99
2141.88
2127.71
2478.25
2412.22
2342.34
2142.11
2205.42
2373.31
2032.73
2222.96
2067.33
2129.11
1994.72
2304.07
2350.26
2573.85
2275.29
2219.25
2464.02
2378.33
2060.72
2366.97
2326.86
1936.3
1950.93
2482.87
1941.4
2057.38
2382.69
2440.72
1895.78
2066.4
2340.71
2380.79
2574.24
2288.25
2101.17
2457.98
2315.25
2381.37
2511.27
2443.36
2361.46
2077.27
2082.25
2432.76
2240.65
2007.22
2106.26
2359.4
2395.49
2108.54
2373.56
2432.98
2192.78
2399.34
2110.19
2168.33
2125.07
2376.89
2212.99
2164.74
2378.87
1952.82
2215.03
2443.93
2033.19
2267.6
1976.4
2275.76
2402.5
2335.3
2317.14
2364.64
2274.73
2412.87
2468.22
2499.93
2440.93
2250.33
2077.56
2092.86
2358.53
2282.98
2444.35
2244.92
2067.05
2412.77
2437.06
2392.67
2406.13
2502.35
2035.42
2279.09
1981.58
2283.42
2208.57
1923.62
2327.29
2425
2441.41
2491.97
2066.57
2283.78
1996.73
2121.8
2202.97
2047.15
2078.65
2327.38
2372.18
1953
2443.78
2171.06
2056.04
2120.7
2425.34
2302.93
2291.04
1953.11
2317.22
2343.78
2374.13
2156.6
2330.23
2266.4
2285.41
2150.1
2299.47
2351.09
2283.64
1941.02
2244.14
2559.53
2362.83
2138.85
2207.56
2344.54
2291.45
2104.2
2284.94
2053.88
2021.87
2464.36
2339.19
1996.39
2347.8
2335.14
2053.22
2420.12
2041.7
2010.26
2341.15
2289
2465.8
1913.63
2214.09
2545.28
2261.22
2421.06
2363.88
2434.75
2205.9
1884.84
2444.86
2187.25
1961.59
2509.92
2004.83
2244.24
2246.12
2153.99
2449.58
2549.29
2073.92
2365.56
2402.92
1983.03
2609.09
2062.43
2336.62
1921.23
2437.71
2442.61
2334.31
2088.62
2104.56
1960.65
2208.34
2236.81
2355.47
2191
2390.43
2137.37
1942.44
1922
2308.42
2315.8
1962.31
2044.74
2136.2
2297.79
2229.36
2240.79
2125.68
2088.34
1986.41
2404.22
2326.81
2503.4
2432.96
2494.29
2414.57
2284.65
2084.75
2371.09
2022.68
2284.73
2102.49
2357.25
2384.15
2449.55
2052.72
2258.83
2110.58
2525.73
2486.18
1939.06
2144.09
2056.3
2377.83
2046.16
2217.17
2171.13
2380.95
1990
2227.77
2064.65
2244.46
2091.13
1965.11
2169.31
2539.95
2401.74
2047.39
2051.91
2177.09
2378.88
2267.96
2282.66
2470.86
2325.03
2388.93
1961.15
2273.38
2036
2023.49
2434.89
2220.99
2116.4
2416.29
2133.61
2176.08
2038.73
1960.48
2225.62
2344.27
2164.82
1945.18
2276.81
2232.29
2434.13
1924.42
2096.58
2047.64
2208.94
2117.45
1954.99
2143.76
2196.03
2285.73
2151.19
2507.99
2479.31
2276.52
2257.79
2467.74
2363.98
2403.54
2557.3
2167.54
2541.6
2353.52
2104.61
2158.95
2543.17
2374.11
2548.92
2068.71
2236.89
2111.58
2229.11
2364.21
2351.27
2267.96
2186.81
2084.76
2452.63
2270.37
2495.96
2497.84
2144.96
2007.2
2151.06
2328.74
2510.45
2389
2188.22
2294.45
2422.67
2580.91
2419.89
2033.56
1935.87
2086.69
2119.32
2077.29
2318.48
2152.75
2039.87
2141.68
1913.8
2193.28
2264.66
2066.31
2457.97
2276.36
2267.1
2190.78
2215.44
2078.98
2071.94
2014.59
2002.37
2154.21
2183.94
2351.92
2019.78
2514.56
2212.74
1974.41
2515.44
2292.21
2354.68
2031.41
1936.67
2370.74
2327.81
2151.23
2453.35
2228.77
2235.92
2303.63
1936.94
1927.47
2295.38
2450.41
2412.57
2237.22
2348.44
2170.39
2432.97
2443.68
2279.18
1964.1
2088.73
2151.24
2537.76
2005.67
2561.57
1924.31
2059.11
2098.29
2073.57
2129.18
2294.78
2381.51
2039.94
1976.54
2258.09
2443.6
2453.19
1982.06
1984.02
2348.64
2358.9
1971.02
2263.96
2462.26
2289.02
2134.67
2235.07
2362.98
2188.88
2108.72
2150.96
2272.39
2148.34
2379.49
2336.22
2306.8
2198.08
2412.53
2300.33
2315.43
2284.27
2459.42
2414.22
2261.25
2344.06
2161.7
1953.81
2481.13
2146.91
2052.8
2394.11
2258.25
2091.04
2097.85
2239.48
2405.93
2128.32
2455.31
2106.76
2225.03
2335.2
2216.16
2175.17
2271.42
2292.17
2251.23
2210.98
2181.8
2219.06
2425.42
2048.33
2486.69
2491.53
2140.49
2511.37
2416.79
2131.66
2449.67
2433.75
2083.66
2359.87
2183.33
2493.99
2107.2
2243.15
2098.51
2316.03
2215.29
2177.41
2182.44
2392.64
2452.97
2081.59
2186.5
2333.86
2205.66
2082.95
2380.49
2494.54
2022
2256.2
2357.44
2244.68
2028.93
2119.15
2217.47
2439.81
2234.14
2338.47
2112.51
2304.37
2231.5
2131.04
2060.69
1945.85
2135.32
2231.56
2149.39
2143.25
2211.81
2513.78
2210.61
2392.76
2305.93
2046.43
2090.76
1970.73
1952.4
2060.19
2299.02
2231.8
2403.67
2355.22
2482.22
1984.11
2282.86
2126.19
2249.6
2432.64
2483.76
2135.45
2271.69
2156.77
2315.51
2358.4
2358.32
2257.09
2305.39
2170.48
2579.79
2277.55
2416.32
2134.87
2447.65
2107.49
2541.68
2146.86
2115.57
2472.9
2185.97
2104.83
2045.88
2002.73
2437.53
2110.02
2377.19
2300.01
1937.03
2170.35
2011.19
2448.55
2308.35
2010.25
2487.5
2360.86
2509.93
2047.63
2272.92
2498.09
2174.22
2293.9
1995.98
2263.99
2487.54
2461.28
2276.58
2048.71
1962.8
2233
2256.01
2268.54
2319.27
2061.14
2011.14
2132.96
2340.92
2132.44
2235.05
2132.68
2079.53
2224.8
2013.86
2142.93
2475.34
2233.06
2114.92
2075.96
2399.74
2080.4
2378.1
2228.43
2565.31
2197.42
2259.18
2455.71
2303.12
2452.13
2336.4
2198.16
2256.21
2283.97
2105.71
2150.75
2265.68
2492.69
2357.61
2082.36
2304.1
2064.86
2379.73
1945.92
2037.17
2451.89
1924.64
2041.18
2364.3
2233.98
2532.7
2339.92
1940.28
2117.47
1932.05
2225.6
2041.64
2360.98
2304.35
2136.06
2038.99
2450.35
2401.22
1993.52
2473.61
1940.77
2159.02
2525.33
2082.3
2551.45
2105.73
2206.1
2022.16
2224.51
1895.09
2126.32
2269.37
2536.43
1988.91
2133.99
2129.54
2028.05
2060.38
2206.25
2352.52
2462.29
2179.55
2094.25
2335.36
2153.38
2169.08
2240.25
2124.23
2332.67
2092.59
1975.56
2371.41
2475.51
2466.65
2193.09
2046.05
2294.1
2478.46
2179.8
2146.6
2003.55
2115.7
2207.6
2124.36
2201.13
2371.16
2541.1
2321.2
2365.29
2294.42
2038.79
2391.32
1956.86
1990.82
2394.47
2025.31
2336.46
2404.05
2193.86
2411.34
1897.11
2187.61
2500.79
2099.68
2205.04
2187.59
2305.98
2266.24
2389.01
2397.02
2030.72
2431.26
2327.41
2040.47
2453.85
2365.51
2209.94
1968.36
2286.83
2329.17
2017.32
2226.88
2140.41
2284.54
2551.79
2129.82
2077.28
2418.6
2077.4
2372.35
2090.07
2096.7
2044.31
2179.55
2297.76
2044.99
2172.35
2122.07
2071.96
2532.21
1972.67
2483.22
2293.26
2043.18
2272.75
2479.09
2314.01
2451.7
2254.72
2142.87
2289.99
2223.79
2277.72
2330.69
2187.25
2440.39
2053.34
2192.8
2326.56
1984.81
2337.95
2348.82
2337.66
2080.99
2346.7
2082.46
2044.5
2206
2293.81
2366.5
2409.48
2107.43
2130.16
2212.77
2092.91
2350.91
2259.01
2156.34
2185.37
2237.63
2064.59
2321.77
2378.38
2069.12
2389.88
2206.04
2119.81
2150.32
2446.8
2347.86
2201.58
2323.37
2301.39
2473.09
2267.01
2273.15
2148.44
2069.09
2075.47
2139.45
2038.6
2176.62
1952.01
2145.04
2364.23
2161
2158.84
2299.88
2450.49
2254.05
2202.55
2317
2151.77
2243.16
2297.27
2019.75
2115.14
2213.82
2340.56
1897.29
2592.5
2431.51
2244.34
2457.48
2019.64
2109.97
2194.02
2532.45
2132.5
2445.46
2430.89
2259.08
1902.85
2369.24
2082.03
2156.49
2259.22
2197.57
2005.63
2163.62
2238.45
2016.24
2406.9
2015.08
2505.3
2022.39
2191.33
2258.62
2061.7
2345.95
2081.02
2094.51
2076.4
2016.52
2021.03
2037.1
2105.28
1883.49
2217.39
2022.42
2394.17
2522.37
2328.55
2243.95
2428.37
2571.42
2354.32
2409.88
2476.51
2097.73
1992.43
1939.71
2111.52
2095.3
1957.5
2229.9
2132.8
2147.99
2567.76
2337.42
2154.49
2184.59
1912.53
1989.25
2232
1959.24
2172.69
2607.18
2150.69
2457.07
2161.89
1913.96
2032.1
2237.2
2420.45
2007.25
2405.69
2387.84
2438
2192.4
2144.44
2246.18
2261.13
2198.12
2132.36
2448.14
2071.07
2508.19
2334.23
2201.29
2102.92
2121.31
2329.71
2246.15
2019.13
2360.21
2556.19
2264.19
2098.96
2173.62
2119.63
2062.82
2370.81
2328.1
2238.32
2478.3
2387.71
1895.36
2590.83
2365
2274.9
2131.59
2045.15
2102.78
2321.89
2034.89
2383.98
2580.71
2463.46
2242.55
2090.96
2405.69
2250.19
2337.15
2091.04
2315.17
2040.91
2516.64
2363.9
2175.42
2139.95
2123.48
2284.76
2383.21
1971.55
2394.79
2437.98
2336.69
2274.53
2056.7
2286.37
2033.43
1929.88
2431.07
2040.45
2128.85
2449.2
2170.64
2195.62
2395.69
2360.46
2272.78
2207.38
2421.39
2391.84
2267.43
2315.98
2268.56
2068.39
1959.11
2262.62
2224.79
2354
2450.08
2083.63
2280.34
2182.08
2186.8
2234.18
2073.58
2363.52
2297.25
2090.26
1965.19
2356.41
2193.83
2183.46
2158.52
2280.8
2430.08
2075.03
2507.88
2014.43
2136.6
2223.7
1974.01
2225.95
2281.19
2243.38
2359.46
2390.39
2011.41
2503.05
2122.09
2392.98
2257.36
2134.81
2109.88
2411.82
2426.21
2069.76
2374.56
2350.35
2246.61
2021.52
2139
2170.95
2419.49
2262.55
2081.51
2311.41
2314.39
2227.98
1917.88
2257.51
2216.56
1927.38
2203.23
2115.03
2012.31
2310.46
1996.38
1939.33
1971.84
2261.02
2015.71
2233.7
2128.04
2404.99
2329.41
1909.53
2251.1
2148.4
2441.07
2169.98
2402.28
2365.85
2058
2418.01
2341.56
2106.13
2088.44
2000.17
2350.53
2092.74
2164.14
2384.02
2394.8
2159.97
2310.41
2417.4
2163.61
2526.62
2125.83
1956.38
2438.22
1961.42
2164.84
2441.31
2189.21
2463.44
2394.44
2438.24
2413.18
2372.23
2302.73
2609.78
1993.13
2127.43
2086.77
2192.74
2109.64
2356.38
2088.98
2211.81
2589.71
2183.66
2070.55
2051.03
2355.49
2426.81
2109.8
2327.92
2174.29
2008.8
2018.83
2066.11
2519.14
2200.27
2130.67
2160.84
1936.78
2320.81
1951.28
2219.54
2423.06
2459.98
2386.42
2000.05
2204.26
1934.78
1988.29
2606.63
2223.65
2312.97
2206.14
2330.52
2378.76
2261.06
2037.02
2025.62
2593.19
2326.29
2267.7
2366.22
2037.94
2168.41
2150.88
2287.81
2335.52
2104.13
2328.73
2305.61
2133.18
2309.93
2234.56
2387.07
2116.17
2336.55
2513.63
2353.01
2362.21
2479.45
2335.59
2219.78
2100.11
2148.79
2354.61
2368.4
2018.77
1917.72
2340.49
2370.37
2377.61
1932.05
2030.38
2357.91
2321.49
2398.03
2015.43
2155.99
2221.01
2462.25
2576.59
2373.7
2239.74
2440.23
2316.86
2333.9
2276.51
2463.78
2552.73
2087.37
2222.88
2419.63
2369.56
2189.21
2373.13
2159.73
2548.73
2077.44
2044.39
2391.4
2054.33
2445.58
2193.06
2121.43
2033.15
2262.78
2352.09
1939.61
2265.23
2415.95
2086.44
2481.06
2216.53
2535.95
2089.15
2335.89
2326.54
2242.79
2382.13
2040.73
2132.29
2109.04
2173.92
2186.81
2282.75
2320.17
2323.08
2309.28
2130.58
2118.3
2378.44
1988.71
2011.53
2186.55
2266.6
1929.38
1952.38
2238.83
1965.48
2336.23
2002.51
2406.36
1999.66
2435.62
2068.25
2325.75
2269.72
2275.91
2107.47
1947.68
2509.45
2358.36
2209.11
2244.1
2072.26
2304.84
2096.96
2127.71
2084.97
2051.15
2181.46
2447.03
2204.08
2074.49
2191.92
2091.7
2313.79
2037.24
2383.17
2394.59
2174.66
2372.48
1955.29
2523.67
2298.28
2295.55
2155.05
2291.52
1911.23
2114.28
1971.8
2044.34
2214.16
2086.58
2100.96
2440.87
2430.32
2430.94
2252.77
2524.24
2085.99
2308.04
2440.13
2270.82
2338.12
2405.78
2323.63
2055.23
2180.9
2191.42
2271.26
2311.82
2081.3
2004.19
2434.73
2536.36
2113.13
2124.81
2218.1
2246.07
2491.19
2471.05
2235.41
2288.13
2130.97
2256.69
2233.24
2536.25
2388.35
2527.92
2295.91
2455.19
2310.79
2235.37
2379.53
2457.25
2372.71
1984.26
2181.09
2263.93
2170.86
2102.66
2002.97
2476.33
2427.25
2077.76
2212.92
2434.32
2303.28
2487.95
2263.99
2487.13
2156.06
2125.35
2384.32
2098.68
2190.57
2053.07
2365.05
2331.9
2461.52
2085.68
1984.75
2399.27
2392.59
2355.06
2227.98
2102.6
2392.24
2133.89
2097.16
2353.97
2431.24
2392.21
2125.63
2084.56
2525.71
2119.31
2514.35
2390.6
2351.07
2337.13
2463.03
2487.98
2534.13
2214.23
2443.91
2105.31
2163.47
2019.42
2274.37
1990.98
2221.07
2320.56
2369.7
2310.22
2474.32
2236.82
2446.7
1977.96
2576.92
2138.7
2190.6
2456.7
2347.07
2406.76
2559.2
2337.87
2461.65
2197.41
2257.36
2575.41
2497.79
2507.47
2293.38
2020.44
2024.81
2146.82
2085.8
2178.28
2129.58
2196.17
1975.07
2044.4
2219.44
2304.34
1855.03
2168.76
2265.54
2154.77
2428.69
2375.71
2344.88
2326.79
2392.8
2335.2
2383.32
2531.38
2308.21
2509.59
2528.69
2009.98
2211.95
2025.3
2240.18
1994.39
2128.78
2358.53
2255.7
2222.56
2305.17
2521.44
2348.86
2061.87
2582.49
2339.06
2397.22
2374.22
2209.92
2443.34
2241.37
1965.54
2404.25
2149.75
2175.27
2488.1
2186.25
2313.33
2313.78
2203.65
2061.25
2148.11
1921.64
2072.7
2395.25
2286.32
2143.89
1987.55
1867.85
2200.84
2141.27
2394.66
2301.8
2470.55
2177.63
2192.32
1933.72
2425.02
2112.5
2191.71
2255.97
2252.63
2191.15
2197.01
2385.21
2236.62
2338.11
2079.29
2133.66
2017.33
2073.11
2015.04
2208.43
2516.73
2321.4
2273.29
2307.87
2031.28
2410.69
2442.5
2153.84
2245.91
2083.48
2214.62
2363.55
2019.42
2099.51
2595
2321.79
2277.72
2074.32
2421.93
2183.91
2313.13
2115.37
2131.26
2329.4
2069.32
2427.25
1939.54
1893.82
2179.76
2061.64
2521.24
2258.4
2206.6
2178.13
2049.24
2103.57
2510.5
2273.49
2167.38
2059.94
2001.94
2283.98
2147.03
2242.96
2055.97
2214.66
2258.79
2109.94
2217.45
2062.28
2430.42
2079.78
2549.75
1961.15
2221.35
1993.95
2091.84
2452.82
2451.03
2160.36
2335.57
2128.17
2276.55
2238.71
2448.34
2267.4
2408.56
1981.81
2241.16
2247.94
2309.78
2412.99
2405.24
1971.26
2563.22
2481.91
2142.44
2555.96
2037.76
1999.28
2046.46
2035.38
2126.99
2116.41
2224.24
2306.93
2114.74
2502.05
2092.6
2405.26
2017.89
2547.09
1953.94
2271.98
2215.45
2177.02
2176.33
2371.22
2296.7
2340.18
2040.28
2307.64
2156.37
2235.79
2285.14
2190.18
2118.57
2155.79
2176.82
2484.93
2091.89
1898.1
2178.11
2188.88
2101.35
2364.81
2162.12
2314.25
2329.34
2366.18
2354.71
2361.05
2505.05
2475.81
2403.14
2161.82
2047.59
2118.37
2314.57
2368.03
2425.58
2027.54
2228.58
2199.59
2365.19
2316.18
2178.15
2495.23
2248.4
2108.73
2029.36
2291.13
2292.12
2128.17
2098.61
2277.46
1974.98
2326.21
2073.41
2176.8
2114.6
2020.5
2120.1
2381.28
2254.65
2276.75
2256.11
2312.32
2256.07
2237.37
2167.07
2109.25
2345.57
2415.09
2395.12
1973.46
2254.98
2124.91
2204.78
2486.68
2120.5
2354.19
1917.44
2333.98
2348.73
1984.22
2431.14
2215.49
2244.67
2243.76
2085.57
2006.97
2084.86
2527.45
2005.71
2383.4
2111.58
2350.47
2178.47
2582.3
1962.82
1998.89
2014.21
2568.61
2473.21
2336.46
2479.94
2228.78
2171.7
2455.66
2429.4
2011.54
2164.8
2389.58
2076.5
1972.54
2316.33
2363.6
2392.06
2181.85
2375.56
1973.74
2388.7
1984.7
2151.43
2349.1
2181.78
1914.79
2507.41
2150.57
2468.93
2529.99
2202.65
2070.88
2112.81
2337.71
2379.03
2074.66
2064.46
2567.14
2036.75
2166.07
2048.9
2129.42
2108.13
2514.22
1958.46
2276.46
2001.37
2254.92
2372.75
2198.35
2113.71
2156.23
2467.61
2082.98
2147.84
2155.88
2140.73
2383.71
2238.3
2342.67
1865.86
2275.02
2429.2
2129.51
2045.9
2480.58
1989.27
2165.3
1931.07
2426.62
2166.14
2267.79
2477.79
2558.48
2332.69
2081.34
2110.52
2219.96
2294.49
2425.61
2226.79
2000.78
2141.36
2057.21
2038.62
2276.6
2275.59
2146.96
2436.61
2344.43
2071.54
2085.63
1884.52
2235.85
2398.21
2316.62
2287.39
2312.77
2430.66
2132.2
2543.12
2487.11
2229.43
2371.41
1897.14
2167.88
2100.52
2420.99
2179.14
2252.3
2311.03
2128.5
2102.9
2203.96
2105.5
2359.26
1900.96
2316.95
2090.82
2116.3
2258.81
2216.61
2300.52
2426.6
2088.04
2514.96
2244.14
2440.43
2294.14
2117.4
1920.16
2272.57
2299.04
2255.25
2120.13
2109.5
2082.67
2106.35
2099.82
2324.07
2319.61
2396.12
2369.89
2339.28
2185.4
2051.05
2072.31
1958.14
2172.62
2346.88
2276.23
2318.93
2240.17
2201.68
2383.48
2266.41
2452.75
2069.8
2330.25
2585.43
2177.92
2023.94
2477.76
2450.92
2082.79
2260.83
2513.24
2120.5
2212.57
2000.92
2089.89
2235.37
1977.06
2140.29
2340.32
2242.29
2419.21
2227.52
2467.95
2455.7
2124.69
2114.65
1941.01
2280.01
2192.07
2301.44
2171.62
2152.11
2095.54
2256.99
2054.05
2298.92
2249.67
1974.6
2170.48
2097.18
2229.17
2110.13
2512.87
2195.38
2435.36
2430.34
1993.2
2002.15
2362.12
2103.72
2403.75
1995.44
2328.81
2171.07
2541.85
2054.92
2365.59
2215.03
2368.44
2028.04
2435.84
2263.82
2167.54
2444.79
1943.74
2268.22
1998.61
2404.6
2009.19
2320.61
1982.78
1961.8
2194.69
2045.62
2312.16
2424.84
1990.49
2059.62
2155.12
2023.69
2543.04
2180.49
2440.67
2035.37
2312.34
2020.07
2228.27
2512.53
2319.6
2404.12
2373.3
2441.37
2412.5
2419.77
1998.58
2277.1
2569.64
2466.28
2157.7
1932.04
2004.23
2362.92
2355.37
2416.24
2483.75
2440.27
2331.27
2311.81
2218.64
2095.08
2413.92
2393.6
2467.8
2013.05
2545.99
2430.05
2317.28
2151.39
2394.93
2124.03
1911.22
2277.34
2389.31
1989.92
2346.73
2099.3
1914.93
2305.24
2323.31
2447.7
2071.73
2065.57
2302.14
2046.67
2240.96
2016.86
2174.94
1999.79
2272.68
2162.21
2305.76
2076.16
2166.77
2054.25
2169.71
2270.32
2407.25
2082.47
2060.85
2271.24
2105.24
2313.9
2330.84
2022.15
2142.04
2259.13
2011.93
2239.66
2278.69
2393.67
2342.7
2383.3
2251.58
2059.64
2581.66
2326.71
2284.08
2137.84
2428.44
2356.97
2066.15
1944.15
2131.02
2322.38
2068.92
2347.92
2370.09
2464.96
1943.88
2075.16
2178.13
2435.4
2339.66
2029.93
2534.35
2349.34
2317.5
2372.57
2161.14
2262.02
2367.61
2044.37
2115.02
2209.93
2237.18
2071.53
2322.4
1898.76
2187.31
2380.93
2447.94
2189.47
2417.7
2127.06
2375.77
2277.24
2504.71
2285.36
2391.63
2063.75
2292.06
2215.36
2259.24
2580.71
2480.36
2234.98
2330.79
2428.83
2360.74
2049.46
2364.1
2132.91
2312.58
2135.1
2414.89
2423.16
2088.18
2081.05
2382.58
2213.27
2237.09
2278.94
2306.13
2071.38
2544.85
2179.53
2218.23
2172.58
2333.74
2528.2
1996.04
2036.58
2453.96
1954.91
2320.63
2287.74
2354.25
2447.25
1927.51
2458.41
2245.76
2350.06
1915.15
2078.89
2180.73
2451.21
2298.61
2298.02
2083.69
2424.87
2037.43
1959.23
2064.93
2345.28
2366.36
2403.81
2059.63
1937.78
2481.91
2384.91
2239.49
2139.26
2013.76
2073.08
2261.33
2112.9
2076.64
2603.18
1965.05
2019.66
2222.75
2163.41
1945.2
2007.69
2128.7
2207.42
2327.13
2217.65
2434.69
2366.13
2056.07
1988.77
2345.25
2086.42
2200.11
2338.27
2312.82
2015.84
2363.6
2399.17
2065.6
2087.92
1985.74
2471.85
2334.83
2216.8
2231.07
1923.31
1992.55
2397.98
2433.08
2065.83
2327.84
2001.33
2150.38
2262.51
2517.18
2315.45
2392.63
2349.53
2076.15
2256.97
2400.93
2058.64
2515.3
2350.71
2145.98
1968.42
2110.9
2081.45
2058.84
2153.05
2108.87
2309.69
2101.06
1980.9
2393.65
2234.97
2045.72
2135.1
2197.59
2272.53
1961.28
2393.11
1993.62
2157.66
2070.48
2439.76
1948.45
2502.99
2179.24
2213.85
2096.97
2351.04
2557.8
2103.09
2397.13
2278.67
2092.08
2232.03
2385.38
2401.91
2386.17
2008.63
1936.11
2262.64
2386.98
1969.83
2065.37
2235.33
2174.39
2089.19
2396.16
2293.05
2173.07
2312.54
2483.31
2277.71
2047.98
2382
2270.81
1982.66
2372.19
2094.99
2009.67
2118.84
2195.93
2043.25
2379.83
2242.53
2113.18
2243.68
2257.86
2052.56
2141.26
2376.7
2082.82
2039.49
2178.24
1925.83
2331.1
2094.57
2546.29
2024.66
2488.63
2261.5
2362.11
1976
2217.49
2106.71
2518.36
2441.61
2100.56
1955.44
2339.52
2036.44
2077.4
2456.01
2138.31
2261.17
2000.07
2322.92
2364.9
2490.79
2428.76
1952.52
2021.14
2194.2
2262.9
1950.64
2532.66
2077.63
2181.05
2039.75
2122.22
2317.55
2299.4
2352.06
1944.77
2063.77
2604.84
2077.41
2243.99
2065.91
2365.04
2214.81
1954.15
2076.88
2373.28
2139.81
2304.8
2420.09
2255.86
2424.23
1995.03
2282.63
2242.16
2416.73
2399.73
2064.84
2094.37
2208.75
2070.66
2120.29
2291.38
2037.71
1957.17
2599.44
2073.2
2228.61
2102.29
1959.93
1889
2264.78
2507.15
2358.14
2590.44
2476.87
2175.87
2152.92
2080.53
2498.67
2171.39
2294.61
2011.35
2062.35
2157.64
2307.02
2219.84
2331.79
2392.98
2037.13
2238.88
2216.57
2069.83
2434.53
2052.6
2536.51
2049.66
2413.27
2068.2
2393.76
2557.14
2402.26
2157.05
2501.78
2524.72
2085.6
2326.89
2305.79
2079.57
2544.46
2225.32
2353.39
1971.63
2290.05
2003.93
2400.94
1987.33
2059.97
2092.43
2284.83
2368.19
2272.93
1952.06
2400.41
1957.02
2397.78
2361.6
2066.04
2291.12
2104.93
2442.62
2558.42
2261.82
1971.01
2049.5
2168.33
2119.3
2095.68
1953.73
2108.62
2101.91
2102.23
2002.96
2028.35
2290.15
2177.46
2254.77
2031.79
2213.41
1951.78
2348.17
2321.78
2083.47
2496.22
2305.09
2049.27
2255.98
2195.26
2337.6
2025.44
2483.32
1970.19
2293.73
2311.61
2011.93
1999.77
2102.09
2370.64
2079.47
2228.07
2328.72
2243.52
2422.91
2385.6
1955.66
2306.18
2264.58
2317.7
2308.87
2234.84
2395.7
2170.65
2050.7
2286.71
2096.01
2359.16
2190.6
2208.2
2152.26
2101
2254.51
2020.65
2426.35
2033.26
2171.88
2428.6
2537.07
1908.51
2303.52
2099.46
1997.02
2550.49
2317.24
2159.31
2531.22
2165.89
2220.64
2525.47
2553.91
2053.28
2035.11
2063.52
2047.91
2326.37
2367.08
2080.95
2266.4
2073.42
2235.77
2485.07
2206.48
2057.46
2003.92
2145.28
2348.64
2383.3
2091.86
2396.4
2532.84
1977.89
1957.05
2531.1
2589.46
2243.07
2364.29
2370.03
2494.4
1882.4
1982.96
2250.44
2521.47
2102.42
2246.97
2302.26
2117.39
2359.11
2227.68
2240.61
2247.35
2568.6
2286.41
2448.99
2345.08
2203.85
2238.66
2202.43
2324.69
2075.73
2467.37
2527.32
2013.92
2258.29
2394.57
1989.63
2437.84
2229.13
2444.88
2136.09
1881.18
2073.64
2293.28
2159.61
2321.36
2256.81
2140.88
2524.49
2307.88
2244.8
2363.06
2350.06
2216.58
2061.71
2353.3
2290.48
2148.61
2436.12
2429.39
2002.42
2351.13
2170.58
2248.98
2022.25
2315.92
2248.53
2415.9
2531.28
2437.87
2320.28
1961.56
2238.76
2302.98
2481.73
2427.36
2520.68
2156.21
2294.1
2399.79
2192.07
2482.31
2428.71
1984.71
2520.77
2261.79
2337.52
2496.8
1932.61
2114.05
2189.88
2099.47
2607
2430.77
2358.48
2445.68
2233.35
2158.29
2487.8
2029.85
2223.96
2304.61
2041.26
2314.38
2033.28
2282.4
1958.09
2261.68
2197.72
2454.81
1987.37
2195.44
2149.18
2203.36
2354.61
2414.2
2523.02
2097.88
2308.31
2235.67
1951.61
2529.16
2505.43
1983.01
2020.18
2249.27
1948.88
1904.07
2055.37
2019.22
2378.92
2494.07
2190.13
1939.7
2319.94
2367.76
2425.83
2483.38
2119.65
2083.58
2272.38
2335
2257.21
2512.54
2153.14
1893.45
2140.98
2157.43
1963.4
1983.42
2346.78
2078.14
2560.17
2383.61
2301.6
2417.05
2376.63
1958.02
2489.65
2340.84
2171.52
2085.53
2182.56
2101.12
2181.27
2439.74
2092.69
2042.09
2034.81
2455.33
2496.83
2158.5
2351.9
2298.87
2176.76
2438.28
2045.52
2586.58
2227.17
2558.67
2168.62
2401.66
2200.15
2283.07
2313.39
2528.02
2501.88
1954.93
2097.25
2509.47
2395.74
2388.13
2099.6
2485.27
2346.27
2362.7
2588.13
2137.09
1919.11
1951.66
2389.66
2026.1
2278.38
2375.43
2165.23
2308.02
2313.87
2315.63
2212.55
2154.51
2374.31
2505.66
2222.94
2229.95
2347.68
2050.41
2370.18
2449.63
2298
2132.29
2008.21
2187.7
2384.44
2443.48
2057.57
2398.7
1925.35
2367.61
2008.05
2415.69
2018.74
2133.12
2457.95
2177.14
2429.23
2087.53
2263.25
2240.38
2365.43
1937.3
2055.92
2214.97
2484.89
2100.16
2138.95
2589.6
2315.36
2209.43
2027.24
2564.57
2039.26
2480.59
2274.2
2489.84
2250.9
2068.58
2503.15
2542.54
2156.83
2025.97
2109.9
2348.99
2151.61
2353.93
2289.75
2483.57
2190.4
2151.51
2438.3
2106.15
1981.79
2557.64
2294.09
2217.73
2301.12
2484.03
2337.03
2032.99
2279.85
2073.28
2394.48
2311.9
2124.19
2332.35
1897.82
2138.25
2502.08
2217.36
2307.98
2002.82
2330.28
1879.87
2045.74
2339.97
1902.43
1978.08
2470.57
2268.46
2095.75
2032.65
2224
2360.73
2309.07
2505.35
2455.54
2172.55
2170.56
2152.51
2462.44
2298.72
2154.03
2183.15
2054.93
2372.2
2086.58
2296.44
2452.7
1890.15
2400.01
2179.63
2316.53
2424.54
2331.6
1912.41
2201.29
2264.12
2300
2147.7
2355.81
2285.17
2234.57
2266.67
2590.44
2246.87
2198.04
2497.69
2268.28
2068.95
2046.57
2132.41
1962.09
2467.91
2362.58
1929.37
2052.1
2463.79
2350.01
2519.88
2292.85
1884.01
2491.81
2321.63
2055.77
2345.94
2178.39
2366.3
2520.69
2251.09
2137.65
1950.54
2108.99
2533.11
2312.13
1921.15
2141.24
2263.48
2097.32
1990.99
2347.44
2237.6
2495.48
2526.81
2087.21
1912.23
2263.75
2191.44
1982.68
2298.39
2341.01
2081.38
1983.11
2255.26
2451.48
1952.1
2145.63
2034.53
2378.15
2122.47
2331
2213.79
2355.08
1931.05
2415.5
2057.64
1976.8
2349.39
2372.88
2618.96
2281.37
2361.12
2264.95
2437.47
2097.45
1983.03
1933.83
2105.76
2448.17
2500.16
2118.73
2148.92
2081.45
2376.48
1981.63
2092.65
2200.47
2422.6
2465.51
2282.75
2297.19
2227.3
2250.82
2322.94
2259.22
2289.6
2032.16
2177.48
2286.62
2148.32
2277.41
2053.96
2547.01
2436.62
2195.82
1944.37
2426.98
2058.74
2263.21
2423.29
2342.37
2401.04
2396.7
2434.57
2200.22
2415.9
2288.82
2009.2
2468.48
2430.42
2114.71
2263.76
2044.56
1991.36
2199.43
2193.51
2202.56
2398.84
2541.83
2159.04
2315.27
2495.12
2160.81
2366.86
2447.07
2180.12
2365.18
2359.41
2310.82
1967.36
2148.37
2466.6
1898.16
2028.23
2500.88
2435.33
2515.4
2073.02
2067.52
2474.15
2108.09
2350.77
2178.95
2430.95
2482.59
2383.55
2351.68
2546.69
2497.33
2120.47
2379.79
2324.29
1995.26
2353.76
2309.31
2356.71
1966.09
2178.93
2478
2444.37
2458.26
2210.2
2282.78
2236.37
2221.7
2320.06
2070.55
2089.56
2069.21
2097.36
2161.51
2047.01
2532.59
2157.24
2051.33
2332.06
2386.24
2056.02
1960.54
2249.58
2341.88
2292.87
1963.24
2206.29
2235.1
2378.91
2389.75
2432.44
2408.98
2193.33
2327.71
2487.28
2139.87
2170.55
2104.77
2413.1
2313.53
2069.29
2189.87
2461.13
1937.76
2271.89
2385.83
2143.98
2612.55
2358.24
2371.35
2493.8
2334.48
2174.41
2044.76
2354.59
2019.32
2360.62
1999.86
2168.83
2390.43
2329.86
2267.33
1982.83
2439.12
2477.07
2130.36
2375.66
2037.27
2450.03
2140.33
1898.87
1878.37
2073.48
2058.23
1988.15
2424.76
2463.65
2312.81
2493.26
2325.94
2284.68
2427.1
2369.28
2354.69
2053.37
2418.76
2436.49
2066.5
2560.19
2042.66
2534.58
2169.4
2041.19
2430.34
2254.2
2249.87
1915.66
2080.26
2391.26
2479.08
2062
2027.09
2183.41
2149.17
2314.49
2325.44
2073.81
2271.37
2059.94
2121.7
2438.81
2310.31
2055.04
2249.4
2254.65
2370.25
2390.86
2409.94
1957.14
2131.16
2505.68
2198.72
2072.36
2027.52
2149.11
2009.51
2286.15
2308.27
2384.78
2328.76
2442.14
2227.6
2251.31
2235.47
2186.75
2367.1
1963.92
2309.39
2360.21
2167.61
2106.91
2291.41
2471.9
2583.02
2388.24
2090.79
2236.18
1967.89
1926.42
2162.43
1956.51
2447.32
2200.37
2144.19
2237.43
2380.71
2122.94
2190.9
2163.17
1905.91
2551.77
1981.82
2509.21
2016.52
1918.25
2481.41
2392.67
2412.32
2084.42
2181.12
2229.04
2372.44
2411.09
2534.93
1937.22
1876.81
2100.35
1935.67
2513.95
2026.33
2049.98
2094.84
2370.84
2122.3
2320.45
2164.95
2313.35
2079.49
2329.21
2398.03
2443.93
2270.43
2004.76
2287.23
2009.06
2418.51
2216.4
2203.53
2271.23
2140.93
2347.64
2396.73
2383.79
2535.27
2094.81
2559.9
2117.45
2192.08
2272.37
2397.76
2202.09
2252.62
2169.92
2505.26
2118.47
2552.75
2469.1
2421.78
2382.38
2015.97
2003.16
2297.36
2449.13
2433.21
2357.59
2230.01
2343.45
2341.4
2460.55
2075.07
2265.99
2256.99
2129.21
2183.91
2439.35
2311.35
2132.94
2481.53
1936.68
2288.58
2368.67
2317.59
2282.13
2248.59
2210.56
2231.41
2284.9
2332.16
2396.26
2213.35
2355.69
2232.42
2168.31
2226.85
2489.33
2261.48
2178.82
2385.32
2359.06
2302.73
2136.46
2315.81
2191.85
2024.55
1950.59
2308.58
2435.56
2342.66
2344.28
2053.43
2326.31
2531.85
2349.73
2282.66
2407.34
1956.31
1997.79
2249.19
2270.62
2335.02
2615.91
2550.78
2371.28
2102.95
2036.8
2460.63
2413.1
2235.99
2346.6
2045.85
2367.01
2452.91
2489.66
2108.04
2237.12
2396.69
2212.21
2583.35
2197.05
2257.48
1961.8
2404.28
2299.95
2349.34
2322.05
2334.04
2285.48
2465.54
1905.67
2507.45
2105.84
2391.33
2518.22
2270.38
2034.31
2363.44
2270.6
2128.22
2569.94
2242.29
2116.47
2148.29
2370.58
1971.86
2130.6
2356.47
2186.3
2293.64
1988.18
2329.17
2547.12
2119.97
2058.81
2415.93
2529.79
2140.44
2406.97
2138.09
2351
2344.43
2100.47
2490.79
2301.86
2223.19
2288.15
2450.65
2237.43
2278.65
2367.07
2287.02
2028.5
2206.57
2303.31
1998.34
2111.45
1974.98
2454.29
2036.43
2243.13
2065.29
2345.48
2224.52
2088.73
2312
2489.74
2240.69
2015.88
2058.38
2086.2
2146.46
2105.6
2116.88
2447.74
1961
2389.44
2394.73
2204.81
2384.94
2160.13
2337.01
1910.17
2188.8
2200.99
2373.92
2261.46
2442.79
2137.54
2063.92
2232.03
2349.15
2526.17
2454.38
2200.1
2471.95
2061.25
2284.31
2411.94
2280.55
2260.51
2416.72
2082.53
2305.95
2222.72
2168.59
2325.05
2282.51
2115.51
2375.65
2587.85
2315.72
2127.73
2095.29
2367.92
2489.88
2196.35
2482.15
2415.55
2347.19
1995.31
2092.64
2155.15
2419.92
1929.64
2445.36
2029.06
2198.36
2197.87
2054.79
2116.68
2182.67
1994.89
2038.96
2311.13
2140.83
2199.14
2164.82
2047.76
2022.33
2002.67
2433.65
2337.74
2451.42
2173.98
2112.1
2108.57
2176.88
2364.2
2403.39
2548.1
2037.97
2211.27
2390.84
2253.09
2166.39
2128.92
2486.57
2487.54
2273.3
2264.54
2497.19
2184.19
2427.86
2545.48
2405.27
2147.79
2184.98
2255.28
2414.16
2009.24
2456.56
2133.34
2232.46
2135.82
2350.61
2333.82
2428.71
2296.4
2328.47
2081.8
2336.21
2466.81
2307.1
2343.2
2174.25
2066.29
2327.18
2320.35
2491.36
2285.29
2167.13
2457.15
1943.65
1997.68
2194.05
2022.18
2166.64
2379.87
2276.12
2404.16
2313.64
2316.69
2166.06
2541.35
2198.62
2325.56
2262.41
2448.7
2350.35
2473.4
2051.2
2326.09
2403.03
2085.65
2294.11
2408.55
2321.17
2533.8
2248.68
2320.09
2422.82
2551.28
2474.97
2288.03
2427.04
2282.61
2110.49
2312.65
2480.33
2273.12
2294.87
2346.94
2408.62
1963.89
1886.35
2475.34
2500.92
2265.78
2416.49
2036.67
2559.38
2120.2
1900.87
2156.14
2249.03
2424.57
2106.28
2044.57
2222.4
2017.31
2139.26
2467.42
2370.21
2161.95
2065.44
2225.52
2063.34
2055.42
2425.53
2203.23
2128.63
2019.4
2401.21
2134.73
2234.59
2270.54
2463.25
2575.97
2466.97
2328.86
2340.58
2173.13
2098.18
2014.75
2333.45
2018.44
2457.22
2203.06
2236.9
2222.72
2173.36
2129.88
2201.3
2040.29
1998.1
2342.74
2128.49
2341.17
2293.22
2188.5
2026.21
2174.3
2232.46
2247.69
2282.72
2263.27
2312.94
2111.53
2320.36
2347.53
2218.08
2069.7
2269.18
2024.28
2108.34
2462.37
1967.4
2264.21
2064.61
2051.65
2324.89
2153.32
2045.06
2200.83
2267.88
2153.69
2361.99
2363.97
2343.4
2367.37
2480.37
2422.15
2320.57
2303.46
2335.59
2303.77
1953.17
2282.62
2196.05
1901.89
2198.92
2387.79
2400.59
2618.25
2110.73
2575.63
2371.36
2329.73
2382.44
2141.96
2126.23
1949.95
2223.31
2311.36
2115.24
2095.3
2269.91
2356.31
2027.56
2351.1
2479.4
2056.59
2465.22
2374.06
2259.56
2081.97
2496.32
2202.46
2230.52
2149.45
2493.74
2207.18
2426.43
2566.3
1977.42
2487.38
2496.67
2163.11
2427.53
2398.98
2257.64
2358.8
2159.33
2402.39
2387.6
2346.88
2160.2
2158.15
2197.22
2261.22
2354.07
2486.6
2273.23
2263.53
2124.62
2204.85
2044.35
2432.46
2131.41
2193.43
2353.54
2249.83
2005.72
2047.41
2153.55
2174.62
2287.05
2443.36
2356.64
2181.86
1970.55
2416.48
2233.92
1983.51
2204.87
1922.72
2004.68
2113.07
2136.34
2306.05
2604.25
2166.15
2308.24
2220.19
2336.19
2289.75
2454.28
2292.94
2202.39
2343.32
2106.34
2193.24
2270.8
2299.71
2380.39
1981.53
2406.84
2353.09
2056.96
2024.58
2097.19
2014.67
2314.2
2275.37
2089.34
2089.72
2414.83
2145.56
2139
2226.08
2135.15
2325.16
2439.87
2252.81
2366
2146.41
2223.54
2336.64
2546.62
2121.81
2076.31
2351.61
2062.89
2029.76
2292.59
2407.69
2271.56
2050.26
2434.11
2436.02
2318.95
2108.44
2054.11
2222.2
2144.54
2104.2
2321.06
2028.49
2011.56
2382.23
2499.69
2010.35
2021.57
2009.8
2345.71
2043.65
2262.08
2463.77
2405.34
2282.19
2342.58
2109.77
2222.27
2145.91
2457.68
2098.5
2155.76
2328.26
2523.08
2145.87
2212.23
2334.66
2019.9
2100.48
2201.58
2251.69
2398.08
2531.94
2262.2
2357.96
2192.06
2306.42
2227.67
2403.88
2490.07
2529.83
2182.4
2240.87
2250.01
2313.83
2218.12
1900.1
1916.63
2276.58
2292.41
2290.04
1890.13
2029.6
2357.48
2441.53
2268.04
2087.2
2147.25
2074.41
2577.04
2253.61
2427.27
2391.15
2423.36
1968.62
2409.44
2222.72
2369.37
2097.86
2415.9
2212.18
2418.08
2102.4
2421.28
2162.27
2477.57
2222.08
2246.05
2351.98
2155.62
2385.09
1962.66
2306.84
2345.85
2220.21
2376
1999.12
2105.87
2129.75
2054.41
2405.75
2412.92
2612.17
2282.86
2085.5
2219.61
2432.92
2496.06
2123.88
2358.29
2157.69
2277.88
2141.56
2553.69
2473.31
2174.28
2256.06
2030.16
2327.11
2196.01
2376.99
2578.77
2531.39
2175.69
2389.57
2355.92
2108.48
2532.29
2427.05
2087.61
2236.7
2159.49
2100.26
2159.03
2281.89
2512.54
1982.97
2325.02
2292.85
2398.96
2316.48
2348.78
2528.73
2432.41
2078.9
2605.24
2310.75
2288.21
2122.11
2436.92
1999.29
2388.42
2367.86
2260.02
1955.48
2205.31
2356.25
2360.76
2168.39
2149.53
2219.88
2524.35
2003.54
2088.84
2197.92
2229.92
2010.63
1958.2
2518.85
2124.49
2192.96
2335.53
2267.13
2350.14
2160.46
2153.94
2496.17
1987.37
2218.71
2182.1
2161.11
2186.59
2327.63
2115.83
2098.15
1920.12
2333.73
2071.84
2331.86
2298.87
2135.82
2130.46
2057.83
2112.45
2330.29
2188.91
2498.22
2435.4
2092.58
2192.81
2281.99
2394.38
2135.83
2309.88
2235.98
2231.94
2556.64
2489.7
1921.74
2010.28
2305.84
2031.33
2048.3
2402.27
2009.98
2338.39
2018.35
2379.77
2090.67
1962.12
2465.38
2409.85
2559.94
2154.89
2007.12
2369.97
2460.37
2390.92
2174.21
2071.49
2077.97
2228.89
2018.5
2254.78
2070.92
2086.76
2213.37
2192.13
2075.73
2002.77
2399.96
2230.97
2227.77
2118.97
2187.22
2378.79
2451.69
2419.99
1971.74
2278.14
2061.29
2090.15
2122.11
2202.27
2259.76
2190.54
1976.99
2313.31
2358.41
2053.72
2452.25
2008.87
1920.27
2078.45
2094
2118.79
2035.12
2307.1
2043.68
2365.64
2112.41
2016.84
2279.45
1909.85
2300.38
2189.77
1991.25
2431.39
2127.12
2331.68
2073.26
1889.18
2267.89
1992.75
1986.34
2204.82
2193.49
2207.36
2543.97
2045.43
1923.53
2257.77
2200.87
2492.86
2337.01
2180.26
2049.79
2107.97
2334.09
2282.51
2419.79
2119.69
2159.99
2253.01
2304.3
2020.4
2061.34
2065.56
1974.58
2064.74
2063.46
2360.51
2414.18
2033.74
2416.26
2021.68
2166.86
2202.78
2161.18
2240.71
2059.81
2330.55
2634.11
2151.16
2107.66
2487.69
2371.91
2089.92
1935.87
2046.27
2298.43
2401.35
2124.19
2529.91
2472.83
2250.14
2396.46
2023
2447.09
2067.5
2241.62
1991.68
2096
2501.68
2181.43
2287.88
2164.29
2201.6
2373.22
2235.74
2187.92
1937.69
2224.77
1979.72
2404.76
2213.31
1912.99
2284.92
2159.84
2341.95
2329.55
2099.01
2217.26
1917.29
2008
2168
2442.81
2141.65
2050.38
2149.04
2142.68
2411.39
2235.22
2194.93
2146.59
2060.44
1956.87
2356.68
2201.22
2036.89
2219.39
2175.99
2207.13
2348.49
1963.54
2414.12
2113.69
2125.37
2046.37
2013.66
2167.64
2001.38
2095.63
2010.57
2024.71
2273.81
2039.93
2312.23
1943.51
2051.41
2425.13
2274.24
2264.19
2404.9
2222.71
2406.94
2431.91
2208.42
1997.03
2432.82
2248.53
2224.63
2159.6
2297.97
2149.86
2146.95
2083.95
2191.17
2405.25
2448.57
2210.32
2453.4
1887.82
2034.66
2308.65
2517.76
2111.68
2260.33
2383.21
2020.25
2345.6
2206.31
2537.31
2375.91
2348.33
2161.63
2110.64
1985.69
2231.98
2078.3
2077.34
2034.34
2143.72
1938.37
2411.65
2298.12
2097.55
2247.28
2337.37
2225.87
1935.48
2430.7
2386.26
2401.48
2450.42
2316.82
2354.07
2169.37
2428.77
2430
2240.93
2273.08
2080.58
2005.37
2029.44
1988.29
2085.09
2311.12
2417.05
2094.59
2204.2
2120.63
1973.6
2326.51
2286.53
2434.32
2096.9
1947.21
2394.56
2186.88
2310.79
2441.32
2334.47
2403.84
2305.24
2313.77
2441.55
2252.13
2544.71
1966.88
1942.53
2399.2
2230.4
2032.07
2188.27
2225.15
2265.47
2558.24
2032.09
2263.56
2370.61
2142.04
2026.22
2291.76
2332.94
1973.94
2577.8
2033.99
2217.33
2202
2183.94
2233.57
2275.97
2498.07
2344.67
2314.67
2143.06
2278.23
2128.16
1943.08
2241.73
2384.35
2142.13
2023.85
1938.75
2442.54
2248.52
2114.47
2404.1
2043.65
1982.76
2296.32
2120.66
2218.67
2499.85
2386.22
2371.96
2348.44
2108.58
2403.19
1973.98
2307.92
2282.61
2434.31
2309.88
2295.36
2223.67
2288.74
2253.93
2122.06
2345.07
2078.02
2373.21
2272.24
2262.91
2268.13
2200.24
2075.96
2167.57
2373.22
2247.06
2110.52
2347.8
2299.06
2300.24
2053
2364.02
2188.97
2159.76
2312.39
2208.79
2127.33
2088.75
2338.98
2422.78
2120.44
2202.42
2376.88
2425.16
2296.36
2014.02
2261.68
2114.01
2430.34
2034.89
2132.15
2160.01
2348.68
2128.76
2168.13
2456.74
2523.49
2483.17
2511.73
2327.4
1897.92
2306.61
2377.29
2395.46
2352.14
2290.68
2445.04
2304.63
2051.71
2266.94
2485.64
2057.44
2250.18
2360.31
2132.49
2282.9
2025.91
2300.92
2347.76
2269.26
2145.32
2140.24
2284.1
2174.53
2240.05
2302.51
2001.46
2054.66
2493.88
2186.42
1982.4
2163.43
2372.52
2242.07
2322.76
2210.87
2506.64
2366.5
2107.23
2344.7
2038.25
2472.44
2068.21
2456.13
2426.07
2289.63
2108.07
2365.33
2147.35
2268.9
1949.66
2142.73
2272.96
2332.55
2175.23
2102.79
2540.37
2291.8
2045.89
2254.7
2253.58
2111.46
2260.62
2328.02
2149.49
2008.51
2197.61
2144.77
2268.42
2184.32
2534.36
2222.09
2259.45
2474.09
2270.93
2277.58
2432.82
2363.41
2379.56
2472.91
2077.17
2529.34
2080.84
2503.05
2402.19
2215.65
2315.35
2151.82
2305.17
2312.46
2516.92
2126.09
2015.57
2093.52
2349.78
2381.7
2082.31
1988.11
2265.79
2105.54
2152.46
1906.85
2279.78
2245.47
2030.25
2043.89
2089.14
2129.45
1966.36
2415.09
2349.55
2063.62
2120.56
2252.79
2218.25
2362.06
2390.73
2304.87
2358.43
2213.79
2366.63
2160.85
2305.64
2227.22
2341.5
2120.68
2358.29
2370.13
2148.18
2164.36
2116.65
2254.54
2141.56
2252.15
2318.66
2209.3
2393.96
1878.56
2375.93
2058.17
2088.84
2304.77
2107.03
2288.42
1970.72
2077.31
2278.94
1985.89
2446.08
2178.84
2015.83
2161.07
2213.14
2236.25
2124.45
2094.75
2249.83
2260.39
2282.19
2382.65
2351.95
2072.44
2112.68
2035.61
2053.53
2041
2178.25
2241.91
2002.95
2290.4
2328.77
2500.67
2478.41
2400.82
2348.34
1979.73
1991.07
2037.89
2416.04
2137.07
1896.5
2337.35
2094.07
2074.06
2264.01
2457.46
2338.8
2166.54
2412.1
2289.54
2211.04
2532.48
2152.31
2047.89
2036.59
2103.37
2253.33
1978.93
2203.25
2340
2263.27
2298.98
1983.46
2172.77
2401.62
2356.41
2259.95
2466.17
2331.91
2419.44
2066.07
1983.92
2288.83
2125.63
2381.52
2443.8
2281.39
2188.33
2058.45
2202.37
2145.56
2312.53
2582.12
2520.63
2131.85
2148.83
2371.68
2062.17
2056.84
2291.93
2166.89
2262.74
2421.82
2088.52
2329.08
2036.17
2530.26
2262.52
2262.8
2457.31
2004.9
1998.79
2413.37
1943.48
2410.16
2381.34
2321.86
2254.66
2228.51
2097.37
2121.89
2441.78
1971.51
2102.43
2117.14
2112.31
1991.08
2399.24
2113.03
2152.07
2405.94
2262.13
2173.43
2395.21
2076.12
2378.51
2319.76
2081.74
2340.47
2297.18
2195.22
2414.23
2332.41
2166.79
2431.38
2496.7
2240.25
2418.36
2065.41
2049.27
2023.63
2428.14
2380.29
2498.93
2047.54
2309.2
2019.85
2175.04
2478.44
2380.88
1939.5
2448.23
2487.08
2420.66
2074.38
2413.97
2407.68
2009.18
2071.21
2278.89
2103.37
2024.19
2017.24
2221.42
2224.95
2460.46
2559.18
2206.46
2183.41
2018.3
1916.9
2257.31
2461.81
2491.51
2062.1
2327.78
1909.43
2170.06
1995.3
2377.57
2081.48
1959.62
2142.9
2153.76
2010.64
2299.05
2333.86
2031.69
2416.56
2143.25
2135.57
2214.06
2329.63
2197.01
2302.95
2186.95
2474.89
2445.43
2287.28
1997.62
2170.85
2401.75
2147.59
2097.55
1955.72
2221.08
2264.91
2391.95
2389.64
2451.87
2400.26
2026.5
2062.54
2462.45
2286.76
2416.1
2362.7
2371.65
2175.17
2113.98
1927.09
2135.18
2010.92
2315.54
2082.96
2216.81
2060.74
2381.2
2064.72
2268.69
2392.64
2023.33
2047.85
2291.9
2467.13
2136.47
2425.39
2374.01
1905.13
2322.34
2257.26
2310.45
2110.57
2037.86
2398.87
2464.66
2342.1
2006.36
2247.29
2302.09
2138.76
2044.72
1893.77
1979.71
1879.59
2044.38
2233.46
2472.13
2494.4
1949.84
2433.95
2234.96
2227.86
2382.59
2299.1
2373.55
2180.74
1975.93
2131.62
2372.52
2265.65
2202.51
2157.48
2520.2
2025.4
2430.79
2377.33
2043.15
2143.2
2427.59
2340.15
1986.59
2136.9
2027.23
2204.26
2008.84
2279.49
2300.04
2428.28
2308.2
2456.61
2107.71
2405.42
2217.31
2169.29
2393.77
2166.29
2495.96
2484.55
2284.89
2558.84
2434.23
2002.52
2334.63
2078.86
2556.35
2170
2541.01
2335.17
2457.7
2078.32
1976.65
2258.22
1871.23
2043.91
2557.32
2107.97
2039.63
2291.34
2344.36
2047.06
2335.55
2049.83
2261.73
1907.15
2066.92
2294.55
2266.81
1984.06
2285.02
2526.6
2072.43
2286.65
2249.39
2096.06
2434.28
2158.56
1930.82
2115.8
2200.19
2410.11
2408.61
2406.79
2132.85
2454.24
1969.26
1946.54
2291.47
2399.92
2447.77
2182.45
2184
2417.45
2080.44
2483.12
2104.42
2128.55
2216.24
2439.06
2483.52
2303
2044.11
2192.61
2386.47
2395.01
2256.22
2131.99
2081.6
2407.48
1924.97
2180.43
2495.27
2310.17
2106.9
2264.39
1929.95
2119.78
2070.4
2231.82
2336.84
2271.37
2341.22
2049.32
2578.92
2267.07
2417.66
2466.44
2462.51
2130.56
2465.13
2272.79
2041.29
2486.2
2083.42
2529.22
2161.5
2261.32
1996.87
2052.23
2023.49
1892.25
1989.77
2060.87
2085.32
2126.94
2143.25
2324.61
2458.5
2330.78
2316.21
2138.87
2532.08
2163.17
2294.44
2290.26
2291.62
2135.96
2123.31
2167.38
2267.36
2099.96
2261.23
2015.65
2162.42
2394.77
2407.17
2216.64
2073.09
2301.76
1926.82
1936.11
2290.7
2134.66
2247.12
2043.86
2152.12
1999.33
2449.03
2253.07
2360.52
2315.55
2004.17
2345.02
2044.49
2398.88
1933.25
2158.69
2088.82
2390.25
2337.3
2558.49
2170.11
2254.44
2249.09
2226.89
2236.66
2335.43
2251.54
2211.12
2216.36
2260.16
2018.22
2347.85
2056.58
2065.92
2148.7
2358.47
2105.86
2056.91
2188.65
2339.7
2191.23
2235.51
1996.22
1974.97
2381.18
2197.5
1887.18
2121.86
1917.18
2102.61
2404.28
2428.64
2237.23
2284.89
2062.35
2043.19
2360.41
2263.79
2459.83
2023.18
2131.71
2140.78
2376.08
2098.62
2069.5
2020.89
2315.77
2087.28
1981.07
2271.57
2507.21
2223.93
2471.65
2451.45
2182.44
2095.15
2194.33
2460.34
2284.62
2305.4
2251.29
2034.87
2381.3
2499.83
2271.82
2031.95
2103.53
1992.73
2338.67
2137.1
2288.73
2539.5
2029.69
2152.12
2371.65
2005.33
2227.06
2520.85
2159.4
2252.22
2009.56
1884.71
2009.35
2438.84
2073.66
2094.17
2372.77
1897.92
2268.7
2498.08
1985.19
2403.18
2312.1
2600.38
2432.2
2023.9
2239.29
2013.22
2321.92
2145.07
2038.13
2073.46
2115.1
2357.98
2342.24
2212.53
2582.23
2067.7
2358.38
2191.24
2145.72
2001.98
2457.54
2145.23
2199.36
2021.27
2476.66
1933.98
2215.58
2362.7
2445.99
1990.82
2448.62
2010.58
2199.65
2304.2
2148.08
2101.6
2265.41
2329.22
2169.86
2024.62
2058.44
2200.17
2131.34
2183.52
2270.47
2377.55
2267.63
2536.54
2265.44
2409.68
2256.28
2372.68
2362.76
2401.46
2008.54
2000.52
2436.31
2403.13
2076.12
2160.58
2159.22
2098.62
2254.92
2275.89
2493.14
2143.84
2185.36
2059.28
2295.86
2199.43
2011.7
2147.54
2339.42
2390.75
2544.35
2342.74
2283.66
2089.69
2003.01
2540.82
2394.62
2388.29
2092.48
1981.65
2131.12
1914.41
2071.22
2350.39
2257.87
2355.43
2083.73
2471.38
2081.79
2188.25
2098.89
2209.92
2199.97
2021.43
2433.27
1907.27
2387.36
1972.61
2343
1974.29
2317.39
2064.58
2318.65
2378.87
2478.32
2577.09
2505.74
2112.9
2443.57
2292.62
2164.03
2422.73
2268.45
1974.35
2408.88
2041.63
2180.4
2321.7
2423.83
2317.36
2320
2341.59
2146.98
2371.37
2243.22
2579.26
2539.75
2284.91
2229.57
2167.88
2363.11
2445.27
2447.16
2384.08
2081.8
2090.3
2260.7
2155.64
2381.54
2415.21
2040.52
2251.94
2155.26
2225.8
2597.73
2370.75
2382.54
2291.17
2365.25
2169.38
2504.8
2109.83
2173.17
2286.29
2101.52
2082.87
2343.85
2576.8
2097.46
2077.65
2076.53
2494.74
2008.55
2260.2
1982.21
2450.58
2398.67
2065.27
2297.84
2070.55
2176.6
2547.37
2517.75
2368.26
2128.69
2411.3
2382.18
2407.78
2064.93
2211.03
2151.18
2059.06
2151.14
2181.95
2209.52
2319.99
2122.6
2130.98
2084.33
2100.85
1899.72
2159.59
2333.22
2382.71
2218.64
2313.92
2243.77
2056.15
2469.79
2283.88
2030.48
2212.99
2193.3
2176.62
2288.11
2237.72
1946.97
2361.19
2363.62
2072.7
2287.26
2053.27
2174.57
2471.3
2109.64
2399.13
2102.34
2122.64
2371.34
1911.68
2050.42
2308.06
2198.82
2148.15
2119.74
2503.95
2120.32
2262.99
2154.09
2008.21
2080.6
2214.35
2190.4
2329.23
2011.95
2348.01
2021.44
2558.48
2383.76
2589.69
2111.62
2375.24
2020.84
2264.83
2343.65
2347.69
2063.51
2004.65
2005.81
2053.32
2185.77
2215.99
2150.27
2069.44
2149.83
2112.64
2395.39
2396.31
2305.32
2336.69
2194.66
2230.47
2307.83
2117.82
2464.55
2325.08
1998.7
2300.95
2152.2
2287.63
2244.52
2192.4
2360.11
2317.97
2229.05
2288.18
2262.93
2287.25
2045.45
2188.66
2374.09
2329.97
2425.65
2039.94
1955.47
2104.92
2202.06
