1879.57
1852.36
1405.37
1464.92
1583.74
1803.77
1424.73
2054.09
2023.79
1835.37
1975.34
1566.8
1557.42
1463.93
1801.17
1649
1979.65
1975.53
1807.76
1788.05
1994.18
2052.59
1557.89
1945.73
1928.49
1513.34
1636.13
2068.06
1587.65
1404.92
1748.11
1907.74
1988.78
1996.81
1699.17
1811.78
1970.83
1988.79
1597.3
1746.66
1954.95
1713.86
2032.87
1735.01
1572.93
1463.44
1486.45
1466.23
1411.98
1794.57
1885.46
1393.48
1420.86
1509.01
1717.2
1635.77
1530.75
2025.7
1756.04
1715.35
1768.19
1611.64
1557.46
1879.87
1875.28
1849.15
1813.3
1526.39
1522.21
1801.47
1733.38
1674.4
1892.88
1717.8
1460.97
2051.59
2083.39
1572.05
1451.89
1706.32
1565.02
1939.32
1752.36
2019.81
2004.11
1742.87
1616.46
1969.02
1712.34
2040.38
2038.38
1393.6
1771.75
1714.86
1758.42
1555.77
1828.7
1501.64
1910.88
1566.23
2060.45
1823.62
1477.3
1940.22
1450.03
1643.92
1635.12
1603.25
1629.99
1484.87
1638.98
1505.02
1641.4
1858.47
1784.86
1579.27
1968.5
1777.08
1558.56
1723.85
2022.3
1654.45
1659.2
1901.72
1474.73
1730.99
1511.26
1684.29
1655.96
2004.07
1464.81
2010.31
1557.07
1984.29
1479.18
1726.64
1612.47
1845.25
1560.67
1602.23
1492.86
1935.48
2056.67
1615.27
1681.62
1595.42
1716.5
1820.66
1576.51
1831.19
1995.31
1944.17
1541.36
1588.61
1505.89
1481.02
1921.97
1506.37
1402.15
1848.05
1623.2
1726.25
1441.23
1679.2
1732.04
1687.8
1972.99
1487.44
1672.18
1825.88
1954.45
1749.78
2030.88
1579.16
1905.04
1905.14
1418.95
1643
2018.18
1493.08
1645.15
1489.73
1547.28
1781.18
1945.49
1556.34
1664.6
2044.8
1607.47
2018.14
1703.03
1834.69
1984.06
1614.11
1516.61
1596.11
1997.64
1619.7
1475.39
1743.82
1822.29
1802.12
1459.1
1999.35
1578.26
1582.28
1462.46
1421.56
1770.27
1463.17
1833.19
1727.1
1680.1
2032.24
1899.23
1675.98
2013.78
2021.75
1757.55
1797.16
1563.27
1758.92
1867.86
1924.2
1609.56
1626.04
1499.48
1937.1
1910.6
1553.84
1526.49
1965.91
1871.88
1704.78
1786.58
1976.93
1992.74
1597.09
1618.01
1768.67
1425.78
1681.53
1960.45
1799.15
1766.25
1778.42
1633.84
1979.86
1799.92
1734.03
1413.25
1736.18
1495.53
1862.82
1503.77
1453.46
1491.71
1739.58
1816.12
1718.39
1446.44
1599.94
1672.56
1933.11
1521.87
2046.12
1473.68
1650.46
1984.09
2039.33
1928.29
1876.37
1548.31
1472.93
1922.67
1503.51
1797.15
1959.82
1795.55
1888.52
1703
1468.53
2089.95
2094.05
1433.72
1496.14
1635.76
1451.17
1429.75
1829.62
1413.75
1700.27
1767.28
1901.56
1619.76
1682.26
1616.31
1545.1
2105.93
1613.69
1954.16
1984.26
1670.9
1414.37
1420.39
2008.65
1790.41
1780.82
1714.52
2018.66
1475.21
1881.28
1498.69
1843.26
1890.24
1494.79
1622.57
1920.56
1530.95
1698.08
1559.87
2058.36
1520.78
1833
1643.68
1698.87
1759.75
1961.82
1563.11
1885.07
1541.65
1690.44
1765.58
1721.03
1943.75
1435.09
1581.16
1895.36
2046.74
1642.8
1482.51
1999.07
1905.37
1949.9
1908.59
1861.86
1503.17
1639.99
1567.36
1920.82
1709.56
1526.23
1866.15
1944.25
1959.45
1516.31
1422.19
1564.41
1444.46
1437.16
1506.62
1928.13
1476.8
1849.81
1788.51
1401.09
1547.97
1487.91
1501.34
1493.17
1682.8
2077.55
1486.66
1854.23
1469.77
1512.45
1455.72
2073.25
1667.42
1578.35
2016.68
1429.98
1593.05
1968.57
1497.44
1459.8
2030.56
1837.16
1585.13
1742
1745.94
2006.71
1562.37
1950.54
1871.18
2036.84
1752.16
1558.01
1689.19
1542.94
1910.54
1908.52
2027.99
2059.48
1576.42
1913.09
1646.77
1673.78
1448.45
1591.85
1889.71
1447.43
1455.57
1972.02
2010.93
1670.03
1629.84
1795.27
1718.48
1923.09
1872.28
2116.03
1644.87
1858.7
1757.76
1832.15
2135.56
1482.13
2039.51
1483.52
1462.09
1785.19
1558.07
1625.43
1657.3
1987.65
2071.23
2128.98
1919.48
1898.68
1510.17
2024.94
1481.07
1624.28
1825.75
1435.43
1791.01
1995.51
1443.45
1392.65
1581.32
2011.73
2018.84
1438.45
1894.08
1758.61
1769.36
1801.81
1541.32
1526.65
1890.5
2036.6
1742.47
2033.96
1380.56
1652.98
1983.83
1735.48
1799.66
1434.73
1884.62
1878.1
1405.9
1692.23
1625.39
1685.68
1834.17
1598.11
1984.05
1930.56
1845.22
1805.51
1602.74
2007.09
2012.57
1459.52
1567.23
1721.1
1612.13
2037.89
1558.23
1545.99
1868.79
1561.01
1541.02
1947.92
1587.82
1411.45
1816.23
1579.89
1703.03
1532.38
1993.59
1839.24
1406.53
1792.41
1692.22
1407.54
1734.65
2025.27
1880
1666.26
1884.2
1764.27
1630.59
1628.26
1686.21
1671.94
1484.52
1978.91
1713.01
1719.14
1607.14
1593.01
1613.56
1896.96
1429.65
1591.66
1507
1629.01
1578.57
1982.05
1420.84
1537.02
1810.32
1997.76
2121.66
1803.39
1574.79
1846.91
1976.37
1660.9
1731.29
1672.6
1771.49
1839.78
1468.51
1942.03
1698.97
1794.45
1814.84
2037.08
1813.51
2055.97
1959
1586.2
1574.26
1895.59
2098.5
1802.21
1998.89
1505.34
1684.86
1493.44
1589.87
1894.43
2129.21
1526.03
1791.59
1822.64
1894.66
1995.06
1598.06
1687.67
1848.7
1584.34
1733.93
1832
1900.23
1557.59
1406.54
1930.92
1522.87
1837.26
1562.6
1995.98
1485.24
1668.7
1528.34
1709.02
1442.86
1506.54
1623.26
2027.64
1814.62
1856.73
1549.66
1891.91
1984.53
1926.25
1640.68
1772.71
1695.02
1455.83
1597.93
1511.73
1477.18
1661.01
1880.72
1454.5
1978.55
1478.41
1568.45
1421.11
1606.46
1871.13
1918.98
1746.4
1877
1856.94
1909.6
1921.49
1690.02
1421.07
1603.35
1585.71
1447.51
1590.77
2029.46
1927.54
1675.07
1636.53
1606.31
1458.44
1975.6
1600.47
1983.66
1831.04
1651.52
1570.57
1539.58
1546.42
1645.95
1655.89
1449.6
1904.33
2017.6
2074.65
1664.86
1512.78
1691.31
1787.8
1480.17
1743.86
1852.87
1718.92
1970.46
1382.21
1676.25
1961.73
1469.49
1661.37
1442.45
1614.02
1840.81
1850.29
1725.82
1450.05
1755
1796.18
1931.4
1989.24
2030.37
2038.1
1464.99
1890.07
1527.07
1507.31
1864.09
1457.43
1700.52
1743.24
1704.85
1419.78
1918.91
1892.25
1519.44
1550.39
1635.11
1565.76
1574.68
2098.65
1867.97
1702.02
1441.11
1837.2
1358.84
1821.07
1936.28
2107.73
1591.57
1466.19
1963.9
1553.62
1452.97
1426.23
1941.4
1469.39
1691.76
2008.81
1772.74
1641.26
1468.73
1496.21
1891.28
1578.05
1691.28
1602.82
1879.91
1616.28
1761.21
1846.44
1934.33
1755.15
1681.46
1697.48
1583.05
1820.82
1774.82
1888.56
1634.68
1917.01
1584.93
1408.35
1767.4
1772.15
2032.42
1697.89
1467.77
1644.36
1641.98
1761.03
1480.63
1651.15
1616.41
1823.51
1658.74
1893.79
1539.48
1904.24
1512.7
1593.44
2042.84
1991.77
1895.65
2026.91
1891.61
1807.96
1616.03
1528.62
1783.68
1474.85
1781.73
1690.75
1521.26
1378.93
1769.14
1446.56
1914.24
1463.53
1556.43
1681.25
1798.57
1891.18
1674.94
1409.64
2083.87
2089.22
1962.94
1656.69
2076.11
1612.68
1725.04
1836.69
2019.77
1400.36
1686.66
1682.64
1568.04
1898.11
1508.42
1873.45
1522.95
1548.61
1528.47
1854.7
1401.9
1825.88
1588.25
1953.94
1909.75
1685.82
1878.43
1462.24
1818.52
1484.82
1486.18
1700.12
2072.96
1599.19
1782.65
2017.48
1795.54
1513.2
2026.86
1883.05
1880.22
1413.07
1586.99
1535.65
1519.48
1461.13
2032.96
1763.28
1694.66
1662.33
1621.22
1499.04
1791.71
2029.53
2076.87
1603.38
1825.27
1682.32
1482.43
1688.68
1879.77
1504.24
1749.47
1772.37
2043.21
1583.7
1977.82
1650.44
1881.57
1531.89
1810.63
1424.15
1953.22
1417.84
1942.82
1667.36
1404.38
1807.32
1991.83
1917.79
1557.32
2039.66
1809.54
1886.04
1711.22
1512.56
1935.66
1775.31
1930.25
1799.31
1683.61
1776.92
2074.86
1529.07
1511.7
1755.82
1934.06
1745.9
2088.45
1640.18
2035.2
1510.57
1757.77
1663.8
1422.29
1575
1612.38
1946.88
2031.41
1616.63
1526.41
1661.15
1890.1
1755.22
1831.18
1937.83
1565.05
1441.83
1697.76
1534.59
1871.66
1821.26
1664.52
1635.42
1929.89
1493.76
1656.25
1600.09
1852.37
1646.92
1536.32
1449.6
1922.76
1443.24
1920.98
1389.09
1861.83
1766.92
1406.64
1892.96
1941.11
1989.33
1935.8
1694.77
1494.85
1983.79
1731.71
1764.75
1636.12
1515.24
1894.19
1624.02
1521.69
1965.17
1799.06
2007.7
1418.55
1981.16
1739.94
1955.14
1768.82
1960.56
1725.99
1450.44
1978.3
1946.91
1590.08
1889.09
1706.71
1826.89
1912.86
1953.08
1416.32
1736.97
1542.23
1798.57
1806.18
1989.75
2000.19
1698.92
1538.31
1953.81
1645.98
1555.46
2007.21
2018.92
2069.78
1555.91
1385.78
1888.85
1372.06
1784.76
1718.94
2106.07
1715.64
1917.75
1996.3
1418.63
1526.8
1402.79
1755.81
1934.64
1925.13
1859.4
1557.04
1951.74
1531.66
1922.69
1717.3
1608.66
1659.95
1776.15
1437.32
1636.16
1700.04
1739.96
1672.95
1521.07
1398.93
1810.82
1627.26
1653.89
1435.5
1662.82
1954.58
1554.56
1771.8
1982.64
1408.99
1802.46
1741.5
1913.98
1500.39
1848.59
1465.95
1426.45
1715.78
1606.31
2006.5
1481.91
1585.83
1869.33
2068.39
1714.1
1527.71
1693.76
1537.83
1775.38
1503.38
2063
1662.14
1494.18
1952.52
1928.84
1696.72
1877.82
1852.53
1525.89
1660.88
1874.56
1793.24
1446.22
1685.86
1668.58
1647.14
1952.36
1666.44
1641.87
1734.05
1498.17
1702.4
1528.6
1694.21
1762.76
1536.06
1759.23
1751.27
1591.85
1865.79
1770.19
1851.84
1983.77
1457.7
1922.51
1551.51
2026.76
1908.15
1759.93
1677.87
1427.66
1814.27
1966.44
1568.5
1904.1
1750.16
1915.73
1818.52
1625.84
1576.75
1734.84
1852.29
1845.16
1672.33
1621.98
1607.58
1813.65
1829.1
1823.2
1609.69
1885.93
1417.56
1683.74
1935.07
1951.64
1822.11
1499.92
1541.52
1508.59
1468.18
1673.05
1737.24
1872.89
1760.34
1361.59
1630.46
1908.5
1500.54
1895.9
1726.64
1772.5
1593.48
1570.67
1959.76
1561.22
2093.7
1500.37
1843.37
1572.81
1631.31
1485.58
1463.94
1823.97
1611.46
1665.06
1575.91
1473.26
1720.17
1557.78
1449.85
1730.73
1779.5
1531.86
1670.89
1592.65
1441.88
1844.42
1648.08
1648.27
1636.7
1980.94
1592.64
1548.95
1728.48
1587.75
1616.27
1462.94
2007.03
1611.42
1520
1838.54
1506.87
2126.02
1442.47
1848.26
1811.8
1624.15
1809.14
1552.88
1713.24
1624.94
1704.37
1400.77
1505.93
1807.64
1754.95
1466.21
1731.25
1964.45
1692.82
1973.47
1961.77
1584.95
1652.83
2085.36
1518.66
1575.02
1684.77
1424.05
2105.94
1563.19
1867.01
1934.65
1423.59
1715.82
1868.11
2025.92
2069.02
1679.53
1531.51
1996.49
1648.18
1935.08
1693.23
1829.72
1648.68
1844.53
1934.72
1647.64
1537.14
1836.37
2093.02
1985.08
1690.74
1715.66
1864.74
1571.83
2041.99
1617.7
1900.36
1798.67
1504.75
1657.48
1396.71
1659.73
1677.85
1895.02
1793.78
1872.8
1574.78
1857.84
1995.47
1622.91
1723.38
1472.05
1818.24
1447.72
1992.36
2038.04
1908.87
1745.63
2042.74
1584.09
1954.22
1817.64
2051.96
1848.66
1863.78
1603.22
1902.84
2043.63
1461.48
1850.15
1860.58
1911.19
2031.83
1462.42
1807.94
1444.8
1739.47
1981.44
1958.45
1604.02
1602.24
1869.77
1962.51
1652.57
1918.66
1621.6
1575.68
1989.17
1516.34
1726.77
1600.57
1589.89
1399.54
1667.63
1466.85
1811.76
1412.54
1472.76
1981.45
1639.63
1888.16
1401.12
1925.14
2001.36
1642.13
1967.33
1530.79
1826.04
1906.67
1546.93
1592.66
1736.09
1484.94
1913.33
1408.93
1505.07
1427.99
1644.16
1497.11
1834.95
2102.37
1865.07
1541.55
1725.39
1699.58
1751.07
1969.87
1506.51
1970.58
1612.68
1561.31
1511.57
1818.75
1988.77
1833.81
1692
1949.3
1535.35
1478.84
2002.21
1798.04
1374.2
1532.27
1675.91
1595.82
1562.21
1513.21
1944.78
1757.18
1802.28
1444.03
1462.94
2093
1939.72
1930.32
1966.27
1406.38
1533.14
1757.03
1741.25
1957.75
1828.29
1618.54
1886.82
1822.98
1457.06
1581.23
1548.24
1895.9
2053.36
1990.74
1451.18
1663.46
1921.56
1511.68
1623.2
1391.02
1770.02
1587.93
1984
1976.23
1871.09
1874.77
1754.01
1416.59
1408.61
1637.38
1989.08
1587.47
1678.13
1697.7
1668.23
2020.04
1548.49
1774.48
1817.64
1865.86
1578.27
1548.46
1959.17
1802.38
1702.99
1431.03
1716.82
1613.8
1501.26
1526.28
1821.36
2052.17
1420.49
1999.84
1958.39
1920.41
1990.03
1752.88
1577.22
1838.24
1638.75
1512.04
2020.52
1415.09
1718.99
1425.52
1619.51
1602.72
1733.47
1956.38
1628.89
1627.96
1780.77
1537.16
1581.45
1591.78
1592.77
1550.5
1923.86
1687.09
1610.24
1574.18
1661.31
1491.37
1865.2
1759.5
1517.84
1556.59
1485.86
1571.33
1600.2
1942.73
1883.95
1882.94
1674.61
1715.12
1511.65
2037.07
1966.09
1499.02
1408.66
1756.18
1499.8
1623.25
1680.57
1699.39
1545.35
1639.11
1886.81
1549.41
1488.82
1726.3
1755.16
1828.86
1497.51
1450.37
1428.48
1753.78
1673.65
1848.94
1458.79
1548.1
2018.9
1650.14
1854.81
1809.32
1814.89
1673.86
1823.73
2110.54
1640.37
1610.94
1763.62
2061.91
2060.45
1487.48
1657.43
1570.38
1781.5
1591.3
1894.02
1540.82
1404.73
1785.64
1706.25
1971.65
1438.84
1983.52
2063.12
1526.99
1627.86
1643.44
1817.58
1597.75
1416.57
1526.88
1826.06
1443.18
1608.79
2051.28
2055.96
2025.72
1925.2
1735.86
1845.18
1497.66
1533.63
1485.18
1885.85
1983.15
1696.87
1462.34
1533.47
1597.89
1467.15
1788.8
1535.91
1522.94
2020.13
1712.01
1769.77
2037.02
1625.67
1936.44
1873.99
1753.62
1899.8
1499.18
2017.1
1748.04
1831.96
1622.57
1762.01
1651.37
1732.73
1827.22
1760.89
1703.83
1799.75
1833.68
1525.03
1998.2
1554.97
1997.51
1702.08
1943.31
1784.19
1937.42
1878.5
1729.81
1796.27
2009.7
1438.97
1545.97
1564.86
1681.63
1971.84
2025.45
1746.03
1924.41
1457.02
1869.29
1757.43
1964.02
1834.66
2004.87
1892.81
1663.5
1562.32
1481.67
1943.96
1453.7
1953.91
1974.76
1685.22
1548.55
1430.16
1547.32
1611.98
1563.46
1732.66
1801.4
1481.14
1451.02
1690.85
1486.74
1780.3
1599.11
1910.59
1946.23
1664.53
2070.1
1438.74
1714.25
1552.51
1535.34
1462.49
1809.22
1708.14
1690.05
1682.19
1449.99
1722.83
1605.05
1424.03
2008.63
1895.31
1599.78
1989.2
1612.77
1979.45
1587.57
1571.81
1617.36
1682.51
1701.41
1548.36
1603.13
1568.9
1813.94
1554.1
1700.93
1797.47
1873.76
1753.64
1711.65
1842.43
1900.37
1530.3
1778.76
1461.92
1936.94
1930.44
1813.03
1653.71
1967.38
1504.89
1853.39
1618.19
1769.54
1427.05
1725.41
1945.53
1476.59
1539.97
1529.98
1750.7
1548.64
1433.85
1526.76
1928.32
1585.07
1752.57
1730.28
1682.15
1387.37
1692.43
1637.12
1426.97
1464.1
1904.13
2021.76
1450.68
1579.14
1808.03
1524.75
1626.2
1532.84
1753.62
1695.41
1541.06
1961
1561.85
1587.75
1939.79
1588.93
1694.53
1512.39
1901.85
1793.42
1640.57
1674.87
1553.26
1613.14
1470.21
1925.35
1544.35
1857.68
1557.43
2060.93
1765.51
1494.2
1983.71
1489.52
1660.39
1389.68
1539.99
1684.51
1443.42
1654.18
1738.72
1835.19
1591.98
1609.54
1838.54
1438.2
1593.15
1442.08
1790.65
1990.92
2009.44
1484.07
1833.63
1611.77
1491.56
1660.98
2059.65
1492.95
1772.62
1681.76
1705.12
1466.01
1608.13
1682.6
1744.44
1842.53
1817.51
1643.05
1582.56
1994
1625.04
1584.93
1738.14
1819.82
1935.88
1845.33
1887.73
1830.41
1538.91
1613.28
1893.55
2108.6
1481.55
1575.02
1462.39
1696.63
1714.33
1592.46
1992.42
1824.63
1662.24
1778.47
2128.11
2041.2
1831.28
1784.47
1619.13
1700.66
1485.59
1385.62
1855.93
1892.14
1469.27
1657.01
1654.04
2054.66
2108.91
1467.07
1831.74
1702.37
1542.64
1599.9
1968.67
1545.92
1789.42
1575.48
1615.98
1570.63
1426.79
1962.85
1737.8
1652.5
1692.16
1578.82
1418.88
1686.97
1763.15
1545.51
1505.3
1462.15
1568.97
1640.41
1990.2
1846.17
1617.81
1746.44
1827.14
1789.72
1850.78
1922.73
2032.29
2054.83
1551.13
1933.83
1752.66
1615.69
1732.86
1655.15
1667.45
1420.67
1974.82
1532.76
1554.67
1844.06
1871.44
1653.18
1932.22
1769.36
1810.8
1748.59
1947.26
1914.59
1721.52
1439.47
1515.49
1459.67
1786.43
2023.27
1592.01
1494.29
1860.58
1437.3
1637.32
1802.15
1966.16
1836.85
1551.95
1991.53
1455.64
1855.9
2009.72
1651.4
2009.02
1469.95
1464.44
1522.53
1659.37
1604.17
1798
1741.8
2026.39
2042.95
1455.26
1732.61
1651.38
1683.82
1681.82
1489.06
1711.44
1456.97
1538.53
1524.49
1842.55
1360.86
1496.15
1985.46
2066.08
1852.5
1473.47
1967.87
1786.83
1550.29
1752.63
1993.44
1957.73
1951.86
1569.02
1741.43
1557.54
1830.82
1953.24
2129.02
1458.24
1909.92
1481.62
1881.5
1550.7
1634.56
1819.87
1757.82
1522.9
1656.32
1818.33
1720.13
1624.28
1528.35
1897.49
1483.52
1732.37
1909.54
1787.14
1692.7
1520.27
1484.65
1437.53
1658.18
1987.29
1820.76
1522.4
1719.59
1721.67
1539.46
1522.55
1975.57
1585.59
1831.49
1536.87
1408.41
1943.9
1560.42
1777.84
2031.73
1521.55
1980.22
1630.08
1873.35
1719.2
2056.72
1846.93
1455.06
1634.41
1487.36
1945.45
1758.82
1604.43
1852.18
2038.04
1961.89
1530.96
1936.66
1845.05
1479.88
1487.94
1662.14
2047.59
1631.15
2001.36
1543.31
1796.42
1903.38
1731.69
1475.84
1542.29
1487.5
1784.89
1939.9
1628.85
1668.74
2032.7
1750.82
1949.65
1983.9
1680.63
1632.33
1411.27
1910.46
1557.31
1537.7
1720.39
1843.57
1837.96
1481.77
1859.39
1724.82
1442.45
1902.63
1547.67
1680.52
1805.12
2006.7
1650.05
1466.69
1537.01
1892.2
1413.72
1981.54
1550.95
1618.29
1801.91
1539.87
1822.08
1511.97
1949.82
1476.85
1877.52
1921.01
1508.46
1982.57
1630.42
2068.56
1852.19
1955.51
1542.69
1851.92
1817.94
2058.72
1809.26
1742.11
2101.45
1862.87
1776.1
1969.84
1865.62
1814.36
1517.61
1566.89
2011.69
1971.44
1599.95
1484.22
1767.89
1392.58
1612.66
2008.41
1931.29
1610.37
1497.31
2000.67
1987.58
1494.02
1400.47
1992.9
1875.6
1441.6
1524.61
1772.29
1411.03
1837.85
2024.47
1487.66
1878.37
1602.52
1825.45
1837.59
1630.96
1812.53
1604.02
1503.9
1763.82
1790.29
2123.22
1535.43
1405.9
1954.16
1497.25
1819.68
1936.5
1722.58
1912
1747.08
1605.4
1683.76
1973.65
1859.01
1900.13
1859.48
1959.06
1643.23
1866.24
1836.3
1555.76
1776.45
1986.83
1598.03
1433.87
2071.23
1906.22
1710.08
1538
1548.65
1747.78
1538.32
1647.98
1470.59
1516.28
1889.82
2038.59
1672.3
1991.01
1672.39
1762.48
1419.23
1454.38
1735.83
1981.69
1833.02
1620.53
1771.84
1439.97
1939.79
1486.83
1757.79
1756.83
1700.25
1448.5
1446.85
1753.22
1688.62
1819.56
1682.41
1920.29
2055.82
1590.01
1973.89
1924.02
1751.66
1356.6
1680.68
1839.21
1994.02
1657.96
1704.33
1919.59
1630.77
2007.95
1820.42
1517.37
1766.47
2038.48
1965.28
1621.22
1727.43
1749.67
1422.5
1645.85
1413.74
1903.1
2053.66
1781.13
1523.15
1934.46
1478.5
1724.9
2020.16
1800.37
1745.52
1650.88
1593.44
1600.14
2037.43
1567.44
1985.27
1978.62
1998.86
1599.87
1683.72
1835.03
1648.64
2007.49
1751.48
1614.82
1735.64
1883.41
1423.09
1702.72
1740.58
1839.44
1886.94
1442.56
1934.83
1987.05
1384.06
1597.19
1591.69
1583.07
1581.19
1821.08
1426.99
1610.29
1833.72
1399.01
1567.74
2069
1982
1745.36
1490.6
1737.97
1938.16
1511.72
1862.13
1816.07
2013.47
1498.8
1809.68
1841.25
1844.09
1619.54
1445.39
1518.5
1403.29
1817.48
1467.98
1512.26
2039.01
1843.05
2006.79
1442.72
1772.4
1865.04
1775.14
1517.7
1956.22
1517.65
1439.35
1835.76
1621.2
1510.07
1767.96
1647.94
1860.11
1513.78
1688.27
1910.74
1810.86
1455.61
1927.69
1570.59
1961.39
1412.44
1405.98
2010.41
1959.43
1799.5
1477.5
1434.97
1514.41
1889.48
1993.81
1790.02
2063.87
1715.43
1519.92
1393.85
1669.84
1421.62
1516.23
1988.18
1991.79
1856.43
1491.66
1623.87
1615.18
1647.48
1962.97
1717.17
1552.11
1617.73
1570.91
1450.35
1905.96
1683.6
1378.11
1705.96
1952.5
1540.43
1706.13
1603.04
1919.43
1626.74
1691.41
1880.25
1800.7
1400.33
1634.04
1568.29
1631.31
1803.66
1517.65
1450.59
2021.66
1704.84
1863.79
1641.39
1588.99
1534.08
1542.36
2044.11
1445.86
1529.6
1564.49
1655.78
1750.26
1486.46
1889.4
1464.86
1731.46
1615.84
1433.2
1672.61
2041.77
1386.57
1450.96
1642.2
1432.38
1692.62
1711.62
1651.53
1991.3
1938.8
1885.25
2100.86
1531.19
1449.38
1745.79
1459.36
1614.61
2024.34
1925
1472.01
1630
1621.73
1453.46
1806.23
1453.51
1666.59
1911
1549.36
1411.68
1881.98
1899.25
1795.21
1501.31
1497.11
1566.27
1746.32
1897.39
1755.23
1906.41
1808.96
1951.94
1903.61
1936.93
1733.35
1627.35
1621.3
1884.08
1677.18
1613.68
1637.16
1720.24
1656.63
1426.05
1682.14
1655.61
1467.96
1776.95
1862.2
1836.73
1640.48
1535.45
1942.26
1609.36
1688.35
1678.1
1842.43
1672.36
1573.64
1495.88
1859.29
1591.89
1776.39
1557.6
1496.36
1812.3
1465.35
1491.41
1591.76
1830.49
1909.62
2022.93
1621.97
2008.73
2074.5
1699.58
1532.76
1853.46
1598.47
1962.53
1781.66
1595.15
1509.8
1934.79
2029.29
1765.56
1957.79
1784.96
1800.27
1994.56
1676.39
1610.78
1624.53
1870.47
1977.73
1998.55
1987.78
1462.53
1958.7
1768.77
1688.39
1990.31
1963.79
1943.52
1660.75
2023.66
1513.52
1518.71
1716.13
1842.94
2038.62
1753.76
1576.8
1896.64
2083.75
1613.01
1413.58
1498.24
1845.54
1464.88
1687.51
1550.9
1473.03
1814.48
1815.02
1805.31
1819.23
1597.13
1953.15
1442.06
1481.49
1767.98
1646.33
1506.69
1860.15
1917.74
1940.35
1669.1
1472
1650.45
1768.92
1821.33
1573.75
1552.42
1889.67
2022.74
1659.27
1742.02
2040.99
1546.21
1943.59
1727.86
1465.09
1795.16
1630.32
1888.51
1521.87
1989.3
1831.57
1735.52
1775.02
1717.4
1579.65
2021.95
1524.23
1563.3
1900.48
1463.91
1895.05
1386.57
1610.49
1667.17
1460.3
1843.25
1461.87
1896.1
1818.75
1453.75
1400.97
1882.73
1588.88
2056.08
1516.49
1602.91
1524.51
1703
1681.18
1912.44
1538.35
1892.45
1753.26
1856.63
1993.86
2050.76
1944.1
1477.72
2077.58
1564.64
1812.91
2041.5
1919.79
1909.03
1467.16
1582.88
1866.77
1486.59
1930.28
1565.1
1980.59
1590.92
1745.18
1868.59
1775.68
1868.49
2017.74
1752.66
1585.74
1628.64
1513.74
1937.94
1755.01
1951.82
1966.83
1574.95
1693.69
1668.34
1904.19
1421.59
1594.47
1537.17
1912.73
1483.51
1467.07
1675.52
2089.23
1606.84
1784.85
1505.36
1525.47
1699.36
1591.91
1667.06
1755.91
1468.99
1885.95
1972.35
1886.85
1999.65
1846.63
1752.38
1383.96
1638.07
2003.8
1814.74
1407.48
1929.02
1831.17
1816.11
1934.25
1936.28
2051.36
1789.24
1782.86
1579.55
1904.37
1761.37
1504.43
1481.37
2014.23
1831.87
1900.35
1702.2
1802.52
1699.82
1896.4
1650.66
1981.65
1572.62
2086.44
1542.56
1663.68
1542.59
2090.93
1967.71
1486.86
1856.13
1483.19
1595.09
1471.57
1547.1
1565.34
1423.42
1546.59
1929.51
1911.03
2003.94
1429.37
2042.53
1516.1
1981.7
1974.12
1636.09
1549.83
1860.4
1558.32
2008.56
1889.75
1947.94
1904.39
1857.1
1761.34
1761.69
1724.61
2040.49
1647.74
1622.27
1456.63
1878.99
1704.02
1421.37
1630.17
2005.96
1975.67
1955.06
1529.72
1668.57
2001.13
1731.02
1925.68
1929.61
1731.58
1426.96
1866.31
1519.82
1718.82
1920.52
1556.16
1408.39
1775.07
1516.33
1951
1911.27
1660.68
1957.11
1630.71
2080.26
1776.96
2091.78
1499.89
1440.33
1414
1471.01
1974.69
2073.3
1882.74
1867.03
1931.2
1703.55
1775.49
1872.47
1513.63
1458.94
1907.11
1808.8
1649.92
1467.05
1383.72
1452.57
1884.7
1626.27
1817.39
1574.59
1603.96
1466.9
1470.49
1517.97
1784.04
1754.97
1894.7
1644.14
2056.84
1419.89
1721.2
1670.69
1768.35
1594.09
1945.21
1592.63
1859.65
1839.15
1716.08
1786
1764.27
1521.39
1782.62
2062.52
1982.82
1804.63
1861.89
1732.07
1749.44
1905.92
1583.7
1586.79
1656.35
1946.51
1718.43
1483.15
1520.12
1449.8
1507.36
1708.78
1680.82
1687.34
1820.16
1949.92
1674.3
1535.95
1652.53
1530.2
1652.25
1624.9
1446.07
1788.8
1557.01
1794.63
1723
1780.5
1454.51
1824.85
1770.09
1904.21
2047.4
1888.54
2005.94
1800.56
1984.78
1556.44
1897.08
1586.78
1661.55
1975.16
1549.06
1908.63
1863.61
1822.2
1634.52
1475.66
1652.86
1580.7
1625.79
1978.09
1458.12
1708.96
1543.67
1814.61
1569.11
2039.75
1861.27
1431.19
1419.09
1601.4
1472.2
1813.6
1656.07
1991.85
1732.21
1507.8
1674.41
2023.47
1580.53
1732.36
1896.66
1425.9
1630.49
1593.36
1623.11
2099.78
1685.4
2050.66
1663.31
1447.38
2118.65
1682.98
1869
1734.04
1784.07
2056.1
1963.03
2024.11
1773.19
1715.6
1599.8
1993.96
1485.58
1924.08
1510.12
1482.34
1956.67
1381.85
1742.21
2002.19
1519.04
1964.05
1427.56
1484.21
2003.83
2030.47
1813.63
1451.28
1847.63
2102.3
1596.22
1630.42
1564.18
1649.36
1612.69
1689.87
1528.35
1575.34
1605.02
1700.54
1598.98
1497.82
1569.26
1755.14
1450.05
1869.25
1958.3
1885.77
1491.83
1412.73
1459.87
1943.85
1812.52
1565.4
1636.36
1617.85
1552.05
1924.7
1588.28
1629.16
1525.3
1851.09
1715.28
1520.62
1954.26
1704.48
1594.8
1723.09
1758.93
1745.51
1618.02
1419.91
1904.5
1575.13
1481.65
1466.33
1635.51
1926.6
1578.52
1681.65
1508.57
1627.26
1677.4
1925.15
1623.95
1781.82
2062.9
1807.86
1465.07
1688.09
1534.4
1459.16
1912.2
1540.11
1483.23
1705.08
1584.31
1506.14
1464.56
2008.18
1852.11
1679.34
1451.98
1632.45
1710.55
1757.08
1685.17
1904.05
1591.95
1760.17
1967.05
1874.44
1521.68
1537.43
1491.46
2027.7
1591.75
1577.46
1728.84
1759.87
1921.97
1874.9
1987.96
1946.96
1811.08
1588.7
1927.74
1806.18
1779.1
1434.05
1986
1667.88
1647.15
1886.62
1984.39
1489.03
1849.3
1583.06
1718.76
1950.23
1799.78
1554.63
2054.59
1673.21
1904.86
1974.08
1932.93
2027.81
1434.37
1554.66
1399.9
1769.7
2058.19
1727.95
1644.76
1458.65
1781.15
1974.45
2032.53
2011.37
1702.54
1599.04
1675.77
1866.83
1673.71
2108.71
2023.95
1932.95
1813.3
2116.35
1721.69
1411.46
1760.01
1866.89
1478
1820.36
1673.42
1649.2
1908.45
1401.83
1978.38
1774.44
1920.11
1576.79
1423.45
2106.64
1448.69
1439.65
1901.74
1456.66
1594.25
2141.28
1769.32
1642.21
1741.87
1770.99
2012.38
1719.82
1661.78
1607.26
1825.71
1875.43
1887.86
1863.09
1467
1586.99
1910.97
1634.13
2023.59
1808.85
1389.1
1459.4
1628.31
1646.23
1458.24
1646.83
1859.54
1831.76
1823.3
1552.8
1453.88
1358.55
1628.22
1667.5
1399.88
1591.55
2050.77
2019.15
1894.73
1972.7
1598.68
1630.8
1561.7
1897.56
1660.02
1441.27
1607.08
1981.32
1451.11
1978.5
1895.89
1608.99
1817.91
1881.74
1956.93
1547.92
1832.73
2014.41
1769.91
2037.98
1792.08
1507.95
1922.29
1800.81
1676.36
1526.46
1721.34
1531.52
1744.08
1450.87
2055.39
1564.87
1522.6
2066.84
1843.4
1432.21
1600.62
1710.92
1573.2
1770.13
1681.8
2006
1849.88
1738.1
1448.26
1535.3
1502.38
1496.91
1873.85
1429.31
1780.85
1511.4
1672.64
1862.19
2009.88
1744.36
1476.16
1589.16
1515.39
1462.35
1872.47
1589.92
1663.88
1942.49
1701.53
1613.03
1640.57
1862.67
2010.28
1785.18
1506.18
2005.57
2152.75
1859.23
1568.97
1435.39
1949.9
1650.81
1675.77
1623.85
1780.37
2097.38
2080.69
1664.7
1797.81
1931.33
1977.61
1933.81
1822.18
1426.85
1884.88
1994.74
1411.14
1451.08
1533.96
1790.32
1586.92
1887.75
1905.74
1607.81
1825.49
1656.88
1492.55
1818.62
1824.88
1493.72
1611.15
2034.83
1676.74
1421.15
1665.31
2040.74
1874.06
1459.83
1903.94
1827.98
1751.32
1832.38
1685.51
1966.74
1537.47
1731.97
1627.91
1502.93
1573.41
1519.69
1838.58
1975.37
2024.72
1987.49
1763.09
1441.26
1976.28
1658.69
1810.93
1636.02
1607.67
1618.27
1703.8
1607.65
1773.45
1465.33
1835
1848.45
1369.92
1440.85
1744.66
1395.04
1642.32
1558.42
1622.71
1680.22
1763.56
1713.68
1966.77
1996.99
1990.09
1489.49
1806.93
1537.34
1929.77
1590.26
1417.94
1563.1
1776.18
1475.96
1772.22
1777.25
1527.77
1469.93
1804.97
2018.67
1410.83
1779.73
1935.47
1740.76
1927.39
1738.63
1608.78
1609.71
1811.73
1563.94
1805.25
1856.36
1652.21
1636.34
1784.91
1687.48
1926.17
1488.21
1654.68
1892.15
1874.04
1901.38
2073.2
1726.32
1639.74
1704.87
1645.07
2012.81
1720.6
1839.98
1771.18
1928.11
1719.08
1381.35
1796.04
1678.56
1694.29
1778.13
1774.12
1574.97
1745.67
1402.82
1718.97
1571.74
1960.95
1439.9
1628.68
1767.13
1640.87
1593.2
1427.85
1971.04
2076.81
1614.14
1834.1
1619.85
1929.4
1436.97
1818.51
1598.37
1867.33
1839.99
1492.28
1698.55
1610.52
1701.71
1777.69
1883.47
1808.59
1966.47
1888.12
1911.57
2032.67
1703.48
1573.2
1657.67
1653.65
1744.21
1706.8
1673.55
1455
1842.18
1951.36
1678.64
1846.96
1530.34
1469.2
1729.42
1541.99
1595.13
1522.13
1620.14
1538.81
1673.48
1474.78
1782.86
1703.78
1470.08
1855.11
1781.42
1693.26
1437.28
1399.47
1477.54
1603.26
1672.24
1674.26
1544.6
1948.66
2061.58
1928.53
1848.56
1657.79
2032.5
2132.03
1954
1765.4
1630.91
1764.59
1946.94
1892.28
1509.23
1874
1975.49
1896.24
1873.86
1821.62
1968.58
1576.3
1462.63
1640.41
1792.29
1612.07
1543.8
1933.95
1490.41
1848.74
2030.62
1670.48
1906.57
1481.42
1723.59
2080.94
1489.2
1859.4
1581.89
1978.64
1843.92
1985.88
1790.4
1370.76
1882.83
1618.78
1501.55
1775.63
1462.82
1776.35
1636.27
1666.5
1650.48
1425.06
1791.42
1889.94
1986.93
1740.17
1436.22
1885.81
2038.61
1784.45
1430.75
1608.37
1438.9
1615.68
1896.82
1804.85
1691.42
1546.96
1953.65
1725.22
1613.08
1621.6
1626.27
2064.07
1515.1
1675.86
1735.21
1488.24
2051.71
1455.98
1636.22
1768.14
2015.51
1631.35
1808.9
1657.56
1571.83
1527.55
1450.66
1456.14
1562.89
2053.35
1636.71
1409.72
1488.51
1524.87
1492.39
1662.37
1409.62
1826.02
1651.42
1749.91
1857.85
1863.48
1662.77
1604.94
1789.03
1872.89
1490.07
2015.66
1590.3
1449.49
1432.72
1431.37
1519.05
1763.37
1599.43
1541.62
1647.75
1542.22
1480.62
1773.53
1894.1
1931.21
1500.08
1886.29
1817.7
1735.38
1688.57
1723.86
1633.86
1906.99
1966.85
1561.17
1618.69
1875.45
1659.28
1887.86
1604.84
1473.01
1945.03
1627.99
1858.36
1677.55
1700.94
1919.31
1888.75
1800.85
1584.43
1619.43
1380.24
1570.62
1608.08
1711.31
2137.77
1582.06
1546.22
1452.71
1546.41
1791.97
1757.32
1438.83
1446.92
1996.86
1647.21
1952.68
1384.77
1756.15
2029.66
1475.48
1813.28
2039.21
2019.7
1473.8
1578.51
1587.12
1576.02
1420.63
1823.67
1576.07
2089.87
1591.28
1763.86
1926.76
1886.63
1897.96
1902.65
1779.65
1581.77
1761.15
1838.94
1765.64
1823.35
1780.4
2047.84
1517.56
1799.77
1426.89
1936.83
1583.57
1896.58
1485.29
1451.1
1896.72
1917.34
1821.51
1422.8
1639.97
1428.22
2054.64
1855
1610.15
1897.27
1509.24
1688.6
1982.75
1826.74
1743.99
1528.32
2048.09
1774.42
1804.15
1690.96
1428.37
1968.01
1623.11
1739.74
2086.61
2017.37
1487.41
1792.32
2016.24
1747.08
1988.96
1667.41
1523.23
1700.56
1710.98
1939.33
1717.36
1767.98
1496.34
2016.51
1439.66
1436.45
2088.08
2028.84
2005.63
1804.12
1950.52
1990.3
1446.22
1943.44
1452.21
1424.27
1636.83
1701.63
1885.64
1925.4
1866.79
1464.12
1705.44
1599.15
2050.61
1833.08
1408.08
1393.4
1931.01
2059.01
1671.35
1924.9
1735.1
1916.74
1643.06
1922.17
1823.93
1555.09
1869.14
1551.27
1682.98
2027.06
1409.04
1998.74
1471.15
1867.31
1725.57
1814.79
1761.79
1372.77
1553.06
1902.69
1388.4
1700.32
2008.58
1678.96
1953.83
1875.55
1920.13
1772.28
1572.49
1478.23
1970.2
1695.01
1498.46
1414.18
1749.78
1570.95
1416.05
1505.21
1589.14
1833.89
1497.64
1912.95
1470.07
1867.53
1525.47
1604.6
1698.68
1751.02
2069.1
1690.53
1570.06
1494.37
1587.71
1895.33
1970.77
1799.83
1341.15
1970.79
1968.65
1564.66
2084
1765.98
1938.68
2066.35
2064.73
1618.39
2080.17
1465.4
2072.6
1584.88
1428.83
1495.35
1422.67
1986.04
1752.07
2034.92
2108.05
1735.4
2108.8
1450.88
1863.61
1493.61
1556.68
2038.56
1809.08
1714.59
1943.12
1642.85
1476.24
1998.91
1602.44
1645.3
1584.82
1644.57
1965.12
1631.75
1929.69
1916.28
1775.57
1487.19
1997.46
2035.15
1910.01
1867.88
1922.79
1602.58
1693.71
1452.67
1457.81
1933.05
1701.1
1377.78
1812.63
1788.78
1871.75
1790.58
2019.11
1593.58
1785.48
1968.91
1564.04
1379.09
1525.3
1411.69
1852.79
1660.1
1763.61
1774.88
1985.46
1881.28
1588.62
1781.93
1512.86
1432.12
2077.68
1428.72
1948.04
1590.67
1456.8
1658.43
2065.56
1772.09
1859.29
1731.18
1487.6
1840.48
1705.94
1458.67
2023.48
1651.91
1759.66
2101.21
1976.48
1695.8
1821.32
1815.23
1894.99
1625.85
2026.7
1820.06
1967.36
1566.54
1910.98
1515.07
1965.25
2005.63
1624.17
1501.81
1663.47
1536.31
1952.59
1508.52
1863.64
1644.95
1765.92
1613.3
1491.13
1810.15
1836.71
1823.78
1383.49
1973.82
1756.56
1717.81
1536.98
1867.12
1782.29
1818.58
1521.83
1447.8
1912
1642.3
1619.95
1737
2001.48
1755.92
1993.03
1380.48
1711.26
1711.08
1732.4
1794.88
2057.32
1992.9
1556.04
1819.2
1998.71
1614.82
1470.51
1531.34
1562.5
1779.48
1714.55
1878.74
1472.28
1758.28
1694.19
1761.25
1560.07
1774.38
2073.24
1647.31
1884.76
1744.31
1651.35
1723.09
1781.4
1565.2
1806.36
1982
1578.18
1923.93
1761.4
1722.6
2039.02
1554.5
1550.89
1917.49
1713.88
1476.65
1840.44
1819.26
1806.83
1838.91
1555.93
1794.37
1621.3
1640.42
1914.7
1830.29
1886.22
1895.17
1829.45
1494.72
1925.61
1795.02
1858.31
1733.33
1765.53
2019.26
1937.23
1639.86
1646.79
1677.03
1832.28
1645.44
1448.99
1759.73
1627.49
1547.84
1547.45
1566.32
1526.35
1431.71
1914.87
1968.81
1588.98
1492.97
1779.8
1936.34
1616.71
2029.36
1580.86
1489.52
1689.27
1961.72
2054.84
1577.99
1699.64
1860.3
1465.4
1406.01
1727.89
1565.47
1976.95
2071.71
1876.1
1621.83
2057.15
1822.92
1708.04
1807.15
1455.92
1668.55
1581
1430.36
1481.49
1456.34
1448.65
1921.32
1422.97
1721.37
1448.29
1803.81
1422.47
1452.32
1968.98
1873.09
1445.96
2075.52
1932.25
1841.55
1984.86
1933.43
1816.71
1809.74
1959.93
1763.4
1420.18
1788.3
1458.92
1512.73
1491.6
1502.13
1470.68
1918.44
1529.91
1494
1717.49
1972.47
1424.35
1904.84
1517.25
1766.19
1982.14
1819.52
1595.9
1725.32
1695.55
1417.55
1449.33
2000.19
1443.5
1499.16
2093.37
1777.36
1487.01
1974.31
2078.75
1649.88
1717.13
1655.48
1898.95
1402.44
1876.77
1682.47
1402.49
1965.98
1506.58
1627.55
1757.2
1899.68
1532.63
2026.97
1558.88
1700.22
1507.38
1946.2
1536.07
1666.69
1567.36
1964.26
2013.8
1581.83
1655.28
1888.41
1615.38
1639.03
1543.86
1486.16
1678.57
1748.64
1826.06
1617.77
1870.49
1949.94
1540.2
1471.55
1415.99
1804.77
1969.59
1922.96
1601.26
1960.08
1876.72
1640.97
2014.37
1824.11
1560.24
1791.02
1560.12
1712.15
1876.3
1461.67
1872.66
1775.08
1991.89
1949.59
1692.91
1689.84
1852.93
1952.21
1993.53
1534.25
2009.76
1446.16
1589.73
1442.82
1853
2042.17
1505.52
1589.18
1470.17
1652.23
1663.48
1828.95
1553.92
1862.7
1412.84
2085.24
1659.56
1623.35
1842.36
1808.62
1923.92
2030.35
1840.29
1939.73
1505.07
1602.48
1879.84
1843.45
1551.56
1496.78
1712.59
1566.19
1895.5
1605.82
1804.28
1516.12
1759.19
1864.63
1738.16
1432.47
1520.13
2001.56
1927.32
1430.2
1403.13
1624.14
1837.08
1525.4
1564.68
1651.03
2028.19
1523.69
1414.69
1643.97
1719.42
1860.43
1436.91
1651.56
2050.78
2137.49
2060.86
1784.95
1889.14
1561.06
1515.72
1430.79
1806.81
1685.35
1919.71
2000.14
2000.03
1820.39
1723.64
2023.19
1569.79
1691.54
1850.82
2006.31
1875.82
1571.83
1831.65
1817.4
1562.24
1546.02
1445.47
1699.22
1835.06
1605.38
1747.05
1819.1
1895.6
1978.07
1693.26
1540.08
1641.76
1694.53
1813.94
1717.18
1706.17
1661.68
2015.44
1729.66
2025.75
1923.94
1816.49
1698.01
1449.66
1827.3
1443.63
1628.86
1619.05
1995.81
1944.99
1551.26
1572.38
1890.23
1685.59
1590.69
1505.35
1629.44
1501.23
1673.72
1899.12
1804.3
1496.69
1449.15
1847.82
1971.99
1414.83
1853.15
1692.51
1913.08
1853.52
1602.04
1630.88
1907.07
2061.98
1491.68
1888.26
1793.72
1403.43
1669.53
1813.08
1694.95
1444.42
1637.9
1514.45
1615.4
1800.58
1427.93
1535.41
1817.23
1861.76
2019.62
1972.75
1428.65
1548.95
1765.12
1739.81
1730.53
1836.83
1587.77
2082.11
1470.53
1458.86
1750.24
1936.69
1698.4
1753
1946.05
1718.46
1427.8
1635
1683.54
1700.96
1969.52
1807.85
1961.21
1943.18
1438.34
1979.4
1576.12
1449.35
1873.8
1794.58
1962.03
1741.96
1569.26
1999.13
1531.44
1513.22
1825.66
1730.11
1895.97
1423.75
1941.22
1747.93
1559.23
1479.36
1448.89
2027.01
1707.7
1612.49
1974.86
1539.14
1784.53
1438.2
1934.8
1932.99
1547.95
1592.97
1781.14
1479.82
1579.53
2021.65
1435.4
1908.11
1490.61
1930.44
1638.35
1922.74
1777.86
1678.83
1924.52
1987.7
1916.36
2091.7
1735.31
1902.53
1397.49
1874.13
1799.11
1508.32
1504.84
1588.85
1587.14
1913.02
1732.58
1826.85
1627.32
1886.7
1515.77
1846.55
1616.43
1454.9
1477.97
1460.67
1409.71
1427.1
1535.96
1633.81
1862.49
1698.67
1596.07
2048.64
1408.36
1452.79
1621.52
1514.37
1553.95
1571.91
1569.82
2036.31
1969.28
1540.31
1452.89
1597.76
1498.58
1671.78
1773.73
1615.95
1572.83
1606.43
1907.96
1471.97
1908.61
1529
1737.33
1923.48
1446.12
1900.61
1682.72
1437.87
1719.91
1698.86
1844.8
1689.25
1775.65
1907.05
1722.19
1991.3
1554.69
1843.72
1383.83
1480.03
1900.43
1873.84
1376.55
1939.85
1821.97
1703.15
1985.97
1551.19
1399.91
1851.86
1551.83
1644.97
1622.71
1486.01
1800.84
1736.2
1618.83
1682.52
1566.27
1951.39
1511
1813.49
1566.29
1778.37
1771.89
1460.03
1705.42
1897.4
1787.6
1542.23
1874.76
1649.01
1829.46
1543.51
1504.3
1651.44
1655.07
1751.62
2022.67
1796.51
1505.07
1385.83
1771.66
1514.49
1705.86
1793.01
1743.22
1699.32
1405.63
1487.49
1577.79
1779.03
1518.81
1513.69
1456.94
1458.17
1948.43
1509.8
1701.01
2016.46
1665.45
1833.06
2049.23
1607.03
1755.01
1861.24
2010.02
1959.19
1570.06
1981.12
1471.85
1959.95
1506.55
2000.89
1831.55
1519.78
1643.94
1825.14
1832.53
1624.14
1476.1
1905.55
1771.18
1464.6
1992.17
1724.83
1836.71
1947.51
1755.13
1986.78
1465.7
1943.86
1757.64
1984.5
1563.02
1599.39
1725.98
1778.64
1728.12
1408.44
1870.32
1984.01
1625.68
1532.85
1633.83
1859.37
1834.65
2093.34
2038.63
1420.13
1790.07
1459.28
1802.66
1948.26
1497.91
1817.88
1427.69
1636.34
1622.11
1780.78
1587.09
1849.01
1509.42
1412.64
1830.14
1775.73
1815.02
1995.46
1600.3
1515.2
1946.75
1576.17
1763.85
1494.61
1774.84
1444.24
1399.12
1972.84
1719.93
1727.24
1680.38
1414.54
1509.06
1801.96
1532.27
1419.92
1467.28
2092.67
1643.86
1981.91
1472.37
1537.58
1950.84
1525.28
1665.45
1531.85
2021.29
2011.28
1424.83
1714.83
1982.46
1774.15
1495.59
1974.07
1441.54
1644.21
1811.24
1830.66
1585.56
1476.88
1531.73
1599.01
1681.63
1926.35
1853.46
1592.49
2001.91
1597.73
1801.86
1514.3
1761.9
1507.56
1692.14
1760.24
1877.7
1668.23
1893.67
1672.09
1655.83
1418.63
1734.86
1736.92
2035.91
1927.04
1863.6
1400.38
1825.83
1450.32
1984.58
1721.27
1543.24
1788.16
1766.4
1619.66
1522.84
1823.22
1858.14
1767.92
1491.83
2018.3
1729.29
1539.07
2066.55
2027.41
1505.9
1732.92
1776.05
1605.15
1599.07
1376.61
1950.53
1921.02
1738.98
1840.85
1404.72
1471.28
1737.03
1421.71
1621.46
1552.77
1770.66
1943.19
1845.54
1680.09
1507.12
1673.13
1536.3
1500.74
2025.88
1439.61
1712.76
1712.22
1434.22
1771.87
1592.36
1856.4
1624.52
1605.27
1886.45
1876.6
1666.57
1956.12
1969.27
1946.34
1728.42
1586.99
1875.21
1676.98
1878.68
1698.51
1924.06
1484.32
1642.38
1626.92
1951.88
1801.22
1353.19
1750.82
1528.43
1977.85
1366.11
1626.7
1835.05
1831.94
1491.8
1980.28
1934.75
1636.52
1613.5
1721.69
1772.45
1444.53
1798.58
2076.52
1937.23
2002.7
1564.74
1554.01
1632.37
1791.09
1848.18
1782.83
1728.67
1634.44
1954.07
1652.05
1514.73
1994.31
1964.32
1527.05
1883.09
1427.35
1489.86
1463.12
2056.35
1860.16
1936.18
1896.68
1863.45
1750.95
2034.25
1556.8
1640.7
1843.69
1687.49
1902.68
1746.76
1416.86
1642.43
1519.08
1606.47
1854.42
1482.97
1864.31
2047.59
1824.67
1835.28
1880.65
1710.71
1574.34
1668.94
1888.97
1539.98
1488.59
1601.9
1976.68
1665.38
2040.25
1560.33
2052.78
1826.56
1627.01
1622.59
1789.36
1518.46
1723.37
1915.16
1568.99
1874.56
1459.45
1887.07
1709.07
1406.99
1797.44
1683.24
1655.25
1788.84
1561.91
1493.69
1694.53
1667.12
1698.89
1658.89
2009.27
2024.02
1853.36
1886.44
1614.33
1710.22
1450.32
1735.93
1955.29
1966.17
1818.05
1889.08
1893.08
1430.52
1874.86
1670.45
1979.1
1545.3
1456.7
1789.32
1447.39
1548.59
2021.05
1905.46
1556.4
1785.48
1539.41
1426.65
1759.26
1669.79
1532.78
1892.27
2039.43
1634.74
1837.87
1985.1
1569.15
1670.52
1941.3
1431.19
1949.88
1465.4
1809.97
2010.89
1749.85
2029.54
1739.64
1647.75
1797.78
1902.08
1816.5
1462.78
1782.08
1757.82
1712.94
1891.88
1705.47
1721.83
1665.49
1502.37
1661.66
1984.34
1618.42
1930.1
1751.6
1653.78
1706.69
1593.4
1872.45
2001.7
2016.19
1741.3
1478.22
1950.63
2148.75
1441.95
1674.37
1884.68
2005.18
1450.18
1476.3
1719.11
1907.98
1879.87
1938.59
1678.34
1566.96
1932.67
1511.04
2060.04
1885.85
1647.58
2099.7
1486.72
1575.19
2042.72
1429.39
1684.68
1467.65
2020.99
1989.59
1997.66
1547.24
1848.08
2011.38
1620.3
1726.72
1566.95
1623.11
1533.27
1676.63
1959.85
1566.18
1582.46
1398.11
1431.58
1829.88
2014.54
1590.11
1482.19
1517.45
1617.99
1734.66
1903.11
1718.71
1713.85
1863.77
1663.46
1541.77
1570.46
1402.18
1670.02
2027.92
1584.53
1427.48
1568.22
1864.94
1932.83
1536.86
1732.25
1755.36
2048.2
1717.03
1525.53
1917.33
1827.75
1473.42
1934.01
2023.42
2022.1
2046.24
1542.16
1871.08
1564.65
2003.38
1989.28
2031.69
1871.39
1703.97
1455.91
1811.98
2024.86
1894.55
2035.96
1845.29
1944.36
1485.21
1673.63
1990.09
1517.7
1791.01
1770.35
1452.25
1810.04
1906.71
1942.07
1850.77
1460.19
2034.76
1866.12
1565.42
1923.61
1523.09
1826.67
1492.62
1937.97
1435.99
1905.25
1426.75
1655.49
1827.26
1633.14
1884.82
2032.99
2038.5
1872.41
2028.98
1536.02
1437.99
1612.04
1823.03
1875.73
1536.82
2038.72
1627.13
1942.69
1985.67
1844.76
2012.66
1678.44
1816.71
2067.8
1865.96
1677.94
1747.4
1542.82
1504.23
1749.57
2034.79
1488.1
1680.15
1436.63
1729.08
1710.97
1897.57
1636.55
1490.68
2046.12
1679.09
1867.76
1596.81
1674.61
1762.78
1477.29
1460.89
1391.66
1918.19
1879.22
2050.41
1796.28
1744.49
1887.75
1918.37
1997.56
1557.7
1618.13
2050.57
2086.21
1706.52
1540.85
1914.69
1836.23
1448.51
1776.98
1550.1
1844.1
1983.31
1749.86
1494.29
1687.58
1717.9
1457.52
1961.13
1405.11
1537.75
1926.13
1681.95
1525.05
1773.32
1917.78
1630.58
1992.05
1469.47
1719.46
1563.29
1750.9
1850.5
1800.39
1500.84
1960.19
1446.35
1545.34
1440.57
1706.06
1881.31
1482.97
1700.84
1937.05
1912.14
1534.63
1537.55
1795.77
1947.51
1702.33
2043.32
1965.79
1981.9
1801.83
1930.68
1635.27
1441.16
1376.63
1793.83
1432.66
1397.24
1432.71
1479.52
1754.07
1499.7
2001.18
1924.05
1507.78
1568.57
1595.87
1422.95
1495.99
1587.05
1977.73
1704.04
1731.1
1947.67
1702.29
1514.22
1621.08
1695.91
1498.15
1931.56
2000.91
1613.27
1997.8
1955.42
1634.25
1856.98
1873.95
1883.39
1569.73
1444.61
1563.06
1844.67
1844.91
1655.81
1552.31
1563.48
1613.85
1481.95
1735.5
1810.19
1705.12
1781.76
1621.7
2061.95
1654.8
1536.51
1499.08
1496.45
1997.91
1737.59
1697.57
1708.82
2084.95
1940.98
2003.18
2016.41
1547.38
1840.83
1948.71
1967.76
1578.1
1766.74
1689.63
1753.04
1755.9
2026.36
1852.81
1726.5
1873
1614.09
1487.57
1776.5
1609.56
1748.6
1605.14
1919.29
2058.4
1488.04
1963.41
1752.69
1449.57
1395.89
1641.98
1404.65
1577.54
1603.45
1635.09
1472.16
1403.21
1781.87
1546.01
1909.56
1973.24
1690.09
1572.41
1919.74
1607.81
1611.09
1716.02
1950.93
1624.61
1494.47
1729.69
1575.13
1774
1600.32
1446.65
2005.26
1533.06
1599.05
1697.52
1795.5
1527.9
2060.18
2045.64
1743.63
1510.48
1548.66
1631.32
1471.08
1574.08
1449.89
1977.49
1987.41
1495.42
1988.34
1979.3
1719.38
1480.79
1420.61
1588.17
1861.81
2062.62
1986.76
1824.57
1453.96
1820.66
1915.49
1979.06
1999.23
1685.82
1931.53
1671.57
2051.09
1430.04
1764.82
1864.05
1870.86
1954.09
1489.24
1604.66
1945.27
1595.01
1647.39
1608.16
1590.98
1450.75
1467.33
1817.42
1551.84
1416.5
1432.4
1432.65
1911.63
1730.14
1458.83
1643.67
1471.29
1748.18
1911.09
1497.08
1676.71
1664.1
1650.85
2031.58
1612.9
1962.15
1916.32
1899.76
1651.77
1522.35
1962.05
1571.11
1711.84
2017.06
1398.81
1661.47
1643.43
1993.86
1530.48
1790.51
1736.63
1825.79
1672.28
1846.75
1978.72
1591.63
1414.03
1904.8
2080.53
1422.42
1830.01
1661.13
1660.74
1782.35
1412.26
1945.45
1552.76
1957.76
1506.93
2013.87
2011.07
1948.12
1554.39
1759.67
1798.06
1843.81
2033.98
1732.95
2004.7
1457.02
1593.02
1413.77
2060.09
1779.52
1851.42
1668.51
1891.45
1645.53
1597.25
1823.6
1636.44
1613.28
1559.91
1559.76
1428.07
1813.7
1940.15
2029.67
1826.65
1589.44
1927.36
1683.84
1721.89
1821.95
1817.95
1443.92
1480.34
1450.7
1579.31
1602.1
1826.76
1579.12
1376.02
1825.7
1543.91
1796.6
1883.85
1603.97
1724.12
1780.74
1730.66
1860.15
1984.12
2031.65
1793.75
1376.22
2018.72
1497.93
1845.67
1942.42
1908.64
1955.61
1787.49
1506.5
1434.22
1968.59
1608.02
1767.98
1740.27
1742.85
1926.75
2012.12
1826.07
1534.02
1615.7
1785.02
1650.34
1743.61
1394.05
1765.15
1709.1
1742.46
2081.17
1506.8
1748.38
1482.79
1589.84
1418.39
2062.38
1924.95
1908.96
1497.95
1503.69
1734.16
1590.86
1595.71
1680.86
1772.58
1874.18
1365.64
1877.88
2020.97
1600.76
1799.73
1737.3
1836.08
1900.7
1702.28
1473.55
1800.31
1896.79
1722.34
1612.03
1909.83
1659.43
1421.54
1589.15
1641.49
1474.54
1914.78
1381.4
1969.72
2124.47
1647.83
1597.42
2042.02
2086
1455.08
1457.69
1458.95
1907.58
1473.08
1377.72
1565.47
1718.45
1870.05
2001.14
1956.33
1664.63
1491.52
1831.88
1848.31
1660.58
1775.28
2023.69
1818.67
1649.09
1714.35
2027.89
1931.31
1671.27
2107.32
1856.49
1362.07
1818.81
1446.67
1971.02
1491.84
1441.86
2037.46
1685.61
1519.18
1768.47
1682.43
1707.77
1793.54
2024.88
1572.76
1992.7
1906.82
1983.21
2000.38
1699.9
1783.98
1432.76
1831.63
1944.02
2057.18
1821.83
1421.46
1444.08
2023.79
1632.78
1482.64
1656.56
2003.77
1994.05
1494.73
1804.01
1699.7
1844.44
1995.13
1625.17
1702.43
1951.44
1814.3
2056.76
1486.77
1729.01
1550.44
1837.1
1900.04
1730.3
1829.95
1640.14
1694.61
1653.92
1517.74
2000.47
1414.71
1941.89
1738.1
1959.75
1497.49
1622.05
1705.03
1647.61
1991.89
1784.97
1471.46
1800.87
1641.26
1857.86
1506.15
1452.46
1993.68
1675.83
1977.11
1582.79
1527.11
1921.91
1678.84
2050.37
1843.3
1942.86
1643.7
1527.41
1625.6
1880.16
1964.42
1705.13
1626.03
1719.53
1827.79
1653.5
1733.96
1816.59
1857.26
1785.05
1686.44
1703.71
1389.64
1616.18
1925.57
1494.69
1622.41
2017.71
1495.97
1790.68
1918.75
1908.62
1785.68
2020.13
1868.41
1687.36
2051.37
1482.02
1885.07
1705.81
2001.8
1616.41
2062.17
1470.85
1710.13
1850.21
1997.5
1866.41
1733.02
1670.68
1904.29
1917.09
1693.41
1616.84
2037.98
1586.92
1581.71
1796.58
1830.46
1731.94
1705.5
2011.24
1617.81
2040.52
1816.79
1699.57
1916.09
1720.79
1652.12
1555.35
1888.48
1737.94
1556.69
1422.94
1999.6
1818
1603.7
1934.51
1709.08
1668.14
1684.99
1534.53
1968.6
1611.76
1959.39
1861.4
1648.27
1934.92
1392.26
1759.68
1828.37
1510.85
1778.19
1918.3
1424.5
1840.53
1880.57
1770.41
1633.83
1611.82
1450.56
1614.97
1931.03
1582.75
1607.29
1406.7
1695.42
1652.71
1749.72
1950.59
1575.24
1904.29
1667.02
1628.82
1591.04
1852.4
1766.68
1947.82
1392.19
1989.25
1667.29
1823.21
2148.21
1811.67
1686.47
1472.01
1745.64
1868.63
1776.75
1380.83
1868.53
1938.45
1526.39
1489.45
1744.52
1484.79
1919.76
1416.42
1692.06
1737.04
1599.03
1822.74
1482.18
1528.58
1440.6
1576.58
1926.84
1531.96
1980.97
1485.8
1866.98
1460.81
1504.29
1677.8
1577.76
1957.64
1408
1517.85
1590.59
1879.89
1595.23
1767.57
1673.24
1965.24
1932.4
1583.61
1581.5
1537.23
1916.53
1806.12
1588.48
1888.53
2036.4
1433.93
1694.1
1656.9
1706.69
1764.96
1671.14
1501.6
1574.86
1944.85
1903.03
1555.67
2028.74
1681.51
1454.21
1711.56
1408.16
1830.75
1704.56
1575.21
1642.39
1698.28
1986.16
1718.45
1777.85
1726.02
1755.1
1603.81
1533.68
1511.66
1532.94
1953.76
1804.71
2023.4
1439.02
1780.76
1680.52
1722.78
1864.39
1909.77
1503.28
1611.4
1614.94
1783.37
1410.29
1499.08
1883.63
1800.43
1697.38
1587.94
1760.18
1599.99
1713.66
1740.97
1579.26
1733.18
1548.97
1471.41
1677.35
1849.02
1779
1727.28
2077.81
1723.5
1956.64
1477.48
1528.49
2007.91
1417.16
1829.7
1728.24
1406.6
1524
1396.13
1456.17
1601.33
1507.32
1662.44
1707.52
1885.9
1520.11
1844.78
2064.26
1958.44
1916.46
2023.81
1829.81
2005.74
1474.06
1504.61
1555.01
1509.45
1494.52
1757.25
1762.94
1988.64
1643.55
1950.9
1697.05
1391.76
1420.32
1904.8
1633.2
1796
1581.05
1748.44
1499.78
1436.1
2119.24
2009.1
1728.91
1669.8
2006.41
1875.86
1475.08
1845.34
1842.28
1854.16
1542.53
1685.5
1664.18
1546.82
1949
1694.15
1742.21
1797.67
1415.17
1414.33
1624.22
1866.44
1416.93
1969.26
1719.77
1560.76
2050.27
1406.02
1718.37
1608.04
1491.68
1980.71
1831.34
1499.46
2039.64
1856.47
1834
1471.59
1904.8
1483.35
1822.68
2017.55
1842.81
1961.57
1672.36
1560.31
1726.64
1727.56
1906.57
1746.71
1740.1
1917.45
1570.36
1469.48
1536.79
1610.6
2078.04
1787.16
1674.57
1664.65
1995.16
1925.88
1813.74
1440.3
1948.54
1441.3
1971.63
1749.97
1432.61
1594.05
1533.63
1865.07
1448.63
1842.7
1562.08
1681.09
1456.59
1839.03
1944.82
1604.89
1706.53
1486.79
1495.67
1865.74
1778.27
1870.31
2044.73
1507.46
1820.33
1876.62
1509.58
1550.29
1920.18
1827.31
1708.9
2027.42
1576.61
1767.91
1360.71
1861.52
1967.67
1755.21
1913.19
1639.68
1484.02
1493.59
1599.28
1620.32
1871.99
1823.26
1841.95
1687.4
1874.6
1513.79
1752.94
1570.45
1662.85
2029.11
1635.99
1885.12
1629.93
1461.73
1710.33
1880.28
1781.34
1650.94
1519.23
1690.17
2042.99
1448.43
1596.39
1409.68
1437.28
1770.87
1783.51
1427.5
1572.22
1755.69
1880.76
1958.5
1560.48
1817.48
1975.04
1636.1
2014.83
1661.26
1888.09
1892.11
1566.84
1847.93
1677.76
1691.45
1795.04
1757.1
1693.14
1553.82
1489.75
1734.37
1961.98
1686.55
1823.04
1851.66
1792.22
1605.92
1835.94
1495.77
1974.35
1525.08
1521.79
1485.33
1506.06
1619.44
1427.82
1460.82
2023.76
2075.02
1562.85
1970.15
1500.28
2007.12
1392.55
1515.97
1923.52
1556.52
1814.61
1935.09
1441
1725.66
1556.79
1400.74
1433.55
1737.61
1957.22
1589.85
1623.26
1508.7
1856.48
1524.95
1781.01
1711.14
1797.18
1574.07
1998.59
1914.67
1414.86
1739.03
1493.22
1936.89
1715.71
1607.48
1725.28
1649.94
1482.67
1761.08
1598.37
1440.28
1563.87
1761.02
1592.86
1524.42
1716.06
1535.89
1947.26
1488.75
1900.95
1825.75
1444.51
1447.38
1980.32
1892.15
1846.61
2010.9
1491.66
2006.4
1729.1
1382.66
1621.82
2021.07
1550.07
1460.75
2072.03
1822.97
1643.92
1451.04
1856.38
1535.82
1916.39
1480.69
1927.05
1870.39
1449.72
2006.08
1536.5
1450.42
1649.19
1571.05
1485.82
2047.53
1650.16
1421.2
1617.58
1675.15
1529.3
1844.1
1578.27
1789.42
1563.39
1762.41
1472.11
1543.41
1640.49
1962.95
1962.51
1982.34
2022.85
1460.06
1894.51
1458.05
1655.91
1548.84
1862.35
1451.9
2042.24
1856.07
1852.14
1520.93
1771.92
1476.21
1647.96
1982.89
1762.77
1496.5
2125.51
2094.71
1647.11
1590.72
1989.72
1926.38
1504.55
1490.39
1662.51
1834.15
2027.85
2015.89
1386.44
1429.54
1794.02
1679.59
1858.17
1725.02
1845.04
1596.85
1718.08
1688.59
1920.7
1910.6
1530.26
1647.02
1798.11
1509.27
1683.58
1777.77
1988.11
1449.35
1676.47
1804.24
1662.67
1664.28
1899.55
1721.2
1722.67
1619.38
1560.96
1495.46
2015.2
1410.6
1983.86
1422.24
1830.66
1500.06
1718.88
1985.96
1522.37
1563.74
1971.42
1865.41
2025.92
1978.85
1649.44
1611.65
2024.93
2078.45
1619.24
1418.78
1679.05
1651.02
1965.98
2099.25
1856.97
1606.53
1920.62
1789.75
1647.23
2003.72
1961.12
1814.61
1532.21
1695.03
1525.2
1999.9
1513.91
1956
1495.2
1861.45
1535.16
1966.02
1697.66
2024.52
1440.05
1813.88
1444.19
1523.3
1781.78
2038.58
1510.33
1663.67
1606.6
1428.47
1602.61
1989.05
1741.14
1514.84
1582.05
1522.46
1744.23
1935.75
1424.35
1671.2
2061.65
1658.23
1449.87
1966.34
1556.47
1806.56
1572
2007.34
1706.51
1883.41
1801.35
2078
1670.71
1586.35
1940.18
1843.45
1578.48
2101.73
1553.97
1811.52
1687.77
1859.82
1504.72
1742.16
1673.46
2097.29
1929.86
1910.44
1987.48
1465.48
1461.16
1785.85
1415.69
1911.9
1870.39
2040.93
1706.35
1514.24
1638.59
1590.84
1841.81
1993.22
1697.52
1941.12
1640.43
1639.36
1505.64
1790.42
1671.44
1429.81
1476.14
1945.28
1906.68
1813.84
1825.42
2074.31
1905.7
1533.48
1698.99
1420.58
1529.38
1737.57
1861.21
1574.56
1976.29
1578.77
1447.37
1445.2
1479.48
1498.91
1467.16
2007.26
1543.77
1727.92
1367.3
1745.73
1453.6
1568.28
1915.13
1848.19
1671.75
1866.91
1467.66
1550.44
1640.61
1896.81
1760.49
1785.72
1649.46
1561.6
1451.26
1648.67
2079.18
1960.7
1615.89
1799.04
1845.27
1799.05
1391.76
1948.9
1791.93
1729.39
1502.14
1762.99
1699.86
1761.7
1477.5
1457.15
1699.42
1478.23
1589.69
1740.01
1889.6
1658.99
1609.68
1541.08
1668.53
1692.12
1838.82
1702.19
1852.75
1738.44
1776.12
1664.13
1950.7
1558.75
1777.15
1883.11
1829.1
1405.71
1917.08
1401.74
1903.42
1961.16
1488.04
1591.56
1935.26
1797.97
1602.84
1800.25
1921.53
1514.25
1546.78
1755.95
1704.83
1612.33
1797.57
1751.71
1951.51
1433.5
1921.61
1422.21
1745.06
1990.48
1873.28
1911.73
1597.44
1439.35
1878.09
1554.02
1570.08
1674.16
1727.49
1456.44
1499.91
1619.78
1709.25
1554.84
1584.1
2011.45
1555.36
1552.03
2112.49
1454.72
1448.87
1423.52
1506.63
1639.79
1477.14
1976.14
2034.3
1510.14
1432.86
1567.46
2015.95
1585.61
1873.09
1931.1
1845.12
1439.83
1883.63
1517.71
2051.21
1948.39
1830
1608.96
1560.87
1487.49
1803.61
1690.56
1569.86
1896.41
1982.76
1559.75
1837.97
1633.57
1850.14
1964.42
1631.13
1769.18
1874.99
1574.94
1569.75
1388.12
1891.69
1927.57
1732.54
1599.82
2088.38
1860.73
1529.7
1987.81
1574.38
1434.09
1414.71
1908.3
1880.92
1989.75
1559.63
1549.86
1817.65
1877.78
1656.04
1413.37
1869.39
1751.26
1734.73
1541.27
1579.01
1638.99
1826.14
1537.83
1595.98
1441.28
1539.39
1948.27
1410.62
1774.77
1528.24
1497.29
1768.76
1958.94
1506.19
1505.38
1742.62
1968.04
1834.54
1400.9
1757.43
1561.96
1808.51
1465.09
1581.21
1717.51
1925.24
1763.67
1558.2
1711.95
1648.23
1528.9
1775.21
1731.39
1651.9
1775.62
1434.91
1848.7
1987.06
1913.94
1707.19
1689.33
1656.12
2038.24
1663.59
1972.57
1765.29
1484.54
1943.8
1662.79
1448.01
1700.41
1807.88
1850.06
1638.85
1746.53
1483.2
1844.24
1706.14
1959.32
1925.71
1536.6
1731.72
2016.6
1466.7
1658.69
1873.37
1885.49
2031.26
1612.72
1669.22
1718.71
1540.07
1732.02
1948.2
2026.57
1585.33
1852.34
1534.38
1885.6
1592.92
2016.88
2033.76
1986.09
1888.11
1706.16
1749.02
1579.33
1965.38
1789.12
2060.83
1620.13
1670.33
1558.45
1824
1396.32
1571.09
1582.09
1487.59
1855.3
1721.87
1826.89
1419.5
1702.12
1800.42
1562.65
2009.48
1520.79
2038.04
1977.29
1486.61
1359.45
1766.1
1911.94
1771.9
1732.22
1666.14
1570.96
1753.87
1381.16
1518.33
1621.92
1879.31
1982.33
1966.56
1655.68
1401.01
1455.98
1967.26
1778.03
1784.23
1502.85
1480.66
2137.43
1565.22
1546.12
2020.37
1535.29
2020.88
1964.2
1684.72
1750.79
1569.96
1714.91
1557.76
1726.71
1670.56
1820.37
1705.05
1621.27
1940.68
1999.22
1811.1
1527.73
1836.22
1686.25
1498.99
1767.6
1932.25
1624.65
1497.17
1454.05
1434.9
1688.07
1886.37
1886.03
1752.72
1895.48
1556.68
1947.4
1412.5
1857.34
1426.84
1681.16
1578.38
1606.15
1586.69
1811.15
1749.08
1748.83
1974.23
1654.91
1690.24
1467.67
2003.07
1712.33
2182.25
1884.31
1585.32
2084.63
1520.79
1909.25
1716.16
1654.78
1765.92
2045.53
1959.58
1702.79
1470.31
1857.35
1912.17
1860.82
1758.52
1515.81
1461.02
1695.59
1725.65
2017.18
1811.62
1778.66
1677.08
1808.31
2022.07
1776.11
1951.73
1732.61
1487.52
1823.29
1514.76
1492.13
1591.74
1893.53
1588.4
1531.59
1867.73
1802.03
1951.58
1651.08
1840.9
1810.42
1932.34
1713.88
1558.56
1714.83
1609.58
1881.39
1534.37
1648.46
1888.55
1476.11
1649.86
1516.21
1719.78
1701.09
2012.93
1893.23
2062.84
1669.24
1495.94
1717.15
1542.14
2043.05
1989.19
1702.71
1475.85
1623.37
1560.59
1660.71
1981.96
1852.44
1629.71
1834.1
1620.23
1740.13
1488.28
1709.62
1804.38
1553.06
1408.43
1525.73
1743.89
2025.1
1930.33
1937.6
1550.7
2101.62
1525.73
1607.96
1456.26
1967.68
1532.05
1381.67
2001.15
2043.76
1581.41
1796.81
1564.02
1724.77
1574.35
1968.22
1423.04
1841.28
1522.08
1766.38
1440.59
1932.63
1585.58
1771.13
1431.75
1392.85
1587.1
2045.92
1853.89
1527.36
1694.71
1594.4
1516.88
1691.07
1703.41
2055.57
1971.56
1687.59
1895.08
1451.81
1746
1470.6
1521.99
1793.54
2036.57
1844.75
1598.09
1681.36
2105.4
1557.76
1575.35
1819.87
1504.31
1697.71
1740.32
1530.87
1731.02
1510.14
1498.48
1837.58
1459.3
1523.2
1949.71
1485.51
1590.67
1493.31
1751.84
1615.49
1656.21
1817.91
1611.94
1692.27
1707.92
1961.31
1718.86
1514.74
1745.3
1489.14
1563.41
1755.59
1463.69
1990.27
1991.64
1773.22
1607.76
1805.61
1453.19
1548.08
1817.16
1766.07
1922.82
1580.52
1561.37
1559.91
1929.36
1446.72
1421.16
1562.72
1646.25
1419.31
1442.75
1981.12
1724.96
1656.47
1851.53
1761.79
1626.46
1760.97
1856.97
1471.62
1888.77
1936.23
1923.23
1555.94
1565.69
1561.59
1834.68
1477.81
1580.33
1659.32
1422
1479.12
1532.52
2053.19
1825.69
1676
1617.2
1940.3
1509.09
1586.61
2003.82
1949.5
1459.02
1424.02
1432.25
1711.6
1457.39
1757.89
1794.95
1755.96
1976.68
1752.07
1912.04
1679.26
1685.77
1496.88
1833.55
1466.6
2097.29
2014.09
1688.4
1618.1
1498.03
1608.64
1522.2
1928.73
1446.27
1715.74
1602.4
1561.25
1408.27
1464.44
1943.54
1587.58
1584.48
1592.06
1549.03
1550.69
1943.92
1731.55
1846.69
1982.37
1839.05
1787.33
1931.55
1467.23
2013.2
2000.55
1934.46
2021.47
1738.34
1472.61
1415.13
2027.03
1727.1
1770.22
1510.91
1847.05
1726.04
1782.84
1482.81
2061.92
1481.93
1979.06
2022.19
1719.46
1871.26
1765.05
1386.77
1501.85
1470.95
1502.51
1425.76
2048.29
1562.15
1576.1
1858.56
1724.79
1922.72
1485.72
1622.76
1828.57
1486.13
1583.56
2014.39
2047.78
1566.36
1727.62
1516.18
1385.18
1721.63
1527.54
1450.89
2054.87
1680.83
1889.28
1548.83
2018.71
1710.48
1413.45
1804.56
1939.68
2079.31
2024.89
1570.34
1630.15
2062.64
1579.51
1610.18
1474.27
1828.52
1688.33
1590.66
1472.21
1791.55
1589.64
1938.41
1482.8
2036.04
1586.77
2008.44
1437.24
1872.45
1478.31
1956.6
2057.15
1803
1908.69
1565.95
1905.55
1384.94
1563.01
1929.12
1363.07
1535.6
1525.64
1503.74
1452.69
1784.37
1836.85
1487.51
1619.22
1739.15
1496.24
1721.05
2002.07
1933.2
1469.96
1476.32
1742.93
1490.3
1782
1828.41
1983.16
1461.32
1551.71
1469.13
1992.23
1653.15
1751.89
1507.22
1637.21
1520.33
1908.71
1998.38
1383.64
1957.5
1918.3
1786.51
1898.2
1655.46
1628.27
1983.07
1484.25
1475.06
1548.3
1699.7
1530.1
1601.22
1514.38
1973.15
2005.87
1730.71
1938.88
1609.07
1824.09
2041.04
1511.07
1729.77
1825.91
1430
1812.39
1755.77
1984.89
1732.89
1840.37
1941.33
1988.64
1595.96
1897
1773.53
1414.32
1710.23
2039.81
1697.2
1445.55
1604.14
1725.15
1656.93
1814.64
1765.14
1418.78
1559.78
1675.75
1664.46
1469.68
1815.46
2046.7
1649.81
1970.84
1632.95
1570.36
1467.5
1657.73
1978.45
1747.01
1734.17
1384.63
1685.87
1482.1
1807.57
1688.52
1778.95
1411.6
1786.92
1420.26
1581.56
1902.58
1712.45
1436.16
1996.46
1507.79
1459.33
1779.22
2023.83
1799.54
1531.48
1583.7
2066.89
2044.02
1418.64
1483.95
1875.02
1774.94
1989.01
1821.72
1742.64
1814.81
1800.45
2002.36
1924.11
1670.05
2022.77
1650.99
1870.02
1472.13
1643.66
1872.45
1494.75
1543.38
1754.15
1889.24
1688.44
1440.87
1514.37
1486.09
1579.52
1352.72
1488.55
1721.85
1607.95
1889.39
1970.05
1431.53
2032.75
2065.84
1769.65
1618.62
2043.87
1859.7
1386.59
1704.72
1678.86
1826.2
1492.6
1963.64
1922.83
1842.05
1711.1
1487.93
1978.89
2018.44
1715.41
1603.46
1436.29
1457.15
1534.68
1444.94
1817.66
1557.57
1479.29
1939.19
1469.95
1542.75
1509.02
1923.98
1590.19
1927.92
1624.33
1486.57
1797.7
1816.85
1427.92
1671.02
1688.98
1950.75
1504.77
1645.72
1548.19
1559.56
1626.96
2093.13
1877.73
1850.36
1445.11
1578.62
1788.56
1572.2
1650.14
1509.32
1896.76
1801.65
1819.26
1365.68
1985.35
1701.33
1504.35
1820.59
2003.15
1894.19
1612.25
1601.35
1828.1
1548.46
1908.03
1745.73
1658.16
1535.45
1735.86
1411.37
1483.14
1971.36
1910.38
1451.13
1723.63
1933.95
1406.09
2073.59
1663.29
1793.56
1677.78
1696.35
1681.86
1473.83
1613.1
2039.68
1556.03
1901.92
1542.05
1981.76
1968.06
1712.8
1529.79
1499.87
1410.55
2040.76
1517.47
1561.61
1475.17
1542.76
1553.87
1520.81
1533.74
1666.35
1474.74
1695.09
1627.77
1779.09
2062.96
1589.99
1722.47
1619.14
1752.6
1556.64
1747.51
2050.62
1562.31
1752.64
1580.14
1441.18
1701.09
1738.44
1947.86
1855.18
2096.14
1786.48
1895.25
1746.56
1607.44
2071.41
1701.14
1570.02
1661.45
1426.06
1411.72
1439.48
1704.67
1868.13
1985.22
1502.13
1757.34
1570.68
1844.62
1736.15
1928.32
1608.88
1445.08
1468.06
1455.87
1671.85
1947.82
1739.13
1925.6
1716.92
1684.27
2031.08
1589.49
1522.8
1928.24
1599.04
2007.94
1430.57
1597.77
1826.17
1580.21
1853.38
1807.56
1870.22
1992.3
1665.21
1718.86
1631.76
1420.02
1755.37
1572.63
1678.82
1862.71
1578.87
2046.83
2051.04
1888.2
1451.68
1905.6
1804.69
1772.12
1459.7
1589.41
2020.42
1524.21
1850.98
1538.88
1590.39
1907.37
1974.16
1506.53
1508.48
1680.22
1508.69
1827.11
1510.14
1994.87
1687.52
1707.59
1737.1
1533.11
1557.64
1586.18
1929.75
1433.75
1692.5
1829.59
1685.19
1647.1
1957.41
2041.11
1618.07
1777.24
1916.59
1820.18
1647.16
1827.49
1670.29
1477.02
1980.45
1789.65
2027.51
1457.16
1439.93
1784.61
1961.1
1763.61
1415.06
1515.05
1455.76
1682.14
1450.3
1909.93
1423.98
1534.62
1735.1
1752.12
1466.54
1569.64
1590.01
1943.1
1717.07
1502.81
1808.5
1955.35
1920.58
1450.26
1388.24
1837.06
1500.16
1863.69
1579.15
1915.43
1603.68
1872.26
1942.18
1912.11
1510.33
1748.85
1497.07
1729.47
1466.55
1939.38
1579.72
1686.54
1722.9
1969.91
1634.3
1695.51
1505.1
1857.47
1669.65
1568.53
1454.14
1929.9
1882.19
1614.23
1379.66
1611.16
1986.92
1610.92
1536.67
1701.72
1750.56
1966.4
1516.32
1745.3
2074.3
1695.87
1747.06
1949.97
1805.9
1506.7
1414.63
1906.65
1620.49
1867.99
1749.49
1871.76
1916.36
1649.22
1753.18
1726.86
1606.54
1582.65
1985.52
1550.3
1443.35
1975.8
1533.05
1590.48
1541.73
2088.99
1898.32
1795.8
1642.8
1458.73
1883.74
1661.65
1543.34
1481.86
1803.28
1634.63
1779.18
1652.25
1444.99
1481.98
1606.44
1541.1
1759.22
2004.71
1478.37
1793.06
1865.38
1956.29
1470.49
1944.04
1882.4
1675.11
1602.94
2024.09
1921.61
1432.39
1763.52
1882.48
1816.63
1609.97
1837
1401.35
1556.19
1738.96
1468.21
1454.45
1529.21
1945.68
1634.2
1485.02
1792.03
1888.74
1444.22
1619.69
1457.04
1454.81
1668.75
1681.68
2064.29
1600.91
1611.12
1519.26
1472.33
1641.75
1535.47
1541.9
1894.25
1904.23
1633.32
2066.56
1823.56
1584.57
1401.61
1790.86
1601.15
1715.47
1626.22
1919.45
1482.49
1892.19
1520.16
1952.55
1557.8
1656.11
1447.04
1556.52
1393.96
1960.13
1714.98
1949.91
1582.65
1810.59
1641.18
1681.71
1804.58
1819.99
1752.55
2041.06
1868.63
2022.79
1997.95
1625.62
1574.79
1843.64
1837.93
1446.49
1658.23
1520.9
1689.81
1642.46
1605.55
1964.32
1696.86
1993.96
2081.52
1458.45
1598.85
1617.21
1623.61
1673.27
1721.25
2048.2
2048.23
1677.85
1921.29
1542.67
1667.91
1485.93
1376.03
1419.62
2068.73
1937.55
1746.27
1407.98
1910.4
1664.97
1507.34
1590.94
1611.22
1868.64
1620.44
1622.98
1501.02
1946.35
1505.9
1790.26
2062.86
1751.68
1462.07
1749.18
1953.57
1693.16
1879.28
1857.65
1430.57
1989.86
1874.37
1905.35
1575.61
2041.31
1699.81
1547.66
1654.01
1624.37
1936.75
1837.28
1481.89
1469.62
2041.52
1469.7
1945.28
1875.92
1713.74
1470.3
1537.26
1740.93
1860.22
1585.71
1879.19
1763.53
1779.07
1425.23
1806.87
1641.93
1429.56
2016.84
1701.34
1602.02
1456.43
1701.23
1530.23
1598.4
2010.22
1500.35
1675.5
1470.82
1657.26
1534.13
1546.96
1448.68
1701.41
1811.95
1764.02
1434.65
1451.6
1502.05
1737.98
1387.71
1915.07
1488.01
1474.18
1473.43
1464.45
1719.85
1525.23
1554.82
1833.08
1599.73
1503.71
1848.77
1415.2
1484.81
1809.73
1767.55
2083.48
1825.65
1505.84
1621.59
1802.4
2066.73
1786.81
1461.52
1510.2
1519.41
1979.44
1649.68
1598.25
1490.2
1531.35
1654.06
1627.44
1549.88
1447.44
1538.69
1918.24
1471.27
1691.95
1924.55
1445.41
1910.48
1579.77
1961.41
1678.52
1674.75
1434.52
1750.65
1858.42
1459.68
1603.96
2040.86
1520.57
1815.42
2042.92
2075.45
1837.21
1875.58
1447.65
1989.52
1796.45
1933.92
1647.22
1498.38
1513.75
1733.72
1982.08
1441.51
1553
1540.16
1455.04
1739.63
2090.71
1760.57
1799.05
1555.67
1870.94
1738.1
1516.46
1562.44
1452.94
1922.38
1454.28
1695.41
1817.28
1830.66
1969.29
1855.24
1804.7
1667.7
1995.52
1957.88
1722.54
1882.69
1665.7
1881.24
1729.69
1877.33
1764.98
2119.79
1847.73
2062.62
2092.84
1775.9
2050.91
1693.93
1958.04
1898.74
1733.13
1623.14
1711.91
1513.33
2032.94
1503.66
1759.91
1519.89
1769.44
1754.66
1998.73
1472.73
1757.39
1400.94
1543.77
1763.79
1963.89
1961.71
1862.92
2006.23
1998.53
1961.43
1738.49
1760.58
1848.55
1690.28
1487.45
1544.1
1780.67
1791.3
1432.22
1535.31
1733.99
1723.49
2065.2
1966.22
1767.47
1770.76
1635.33
1849.73
1863.4
1545.06
1611.91
1462.56
2071.23
1860.9
1623.59
1709.48
1930.17
1517.63
1518.75
1602.02
2015.93
1675.68
1568.32
1679.01
1577.15
1606.17
1876.69
1630.79
1729.74
1614.73
1802.35
1929.24
1684.27
1764.55
1799.59
1455.77
1830.19
1890.41
1589.63
1976.48
2007.74
1476.45
1510.61
1789.65
1826.95
2031.67
1788.84
1682.36
1500.1
1652.21
1486.41
1533.71
1467.87
1462.71
1466.64
1806.7
1651.71
1977.78
2077.41
1749.71
1657.9
2096.12
1481.6
1921.83
1936.79
1700.89
1548.61
1606.5
1615.17
1690.34
1708.27
1840.56
1743.66
1428.51
1584.45
1650.35
1628.2
1643.75
1538.65
1476.65
1899.77
1874.96
1631.79
1648.96
2067.69
1579.85
2095.61
2008.05
1556.24
1732.97
1488.04
1994.12
1517.5
1696.19
1877.36
1687.04
1999.27
1637.38
1630.21
1926.94
2067.22
2002.51
1625.22
1497.26
1787.18
1609.32
1457.75
1463.89
1939.49
1702.3
1981.16
1838.84
1459.61
1616.94
1493.83
1697.75
1486.96
1777.51
1820.59
1754.9
1864.48
1542.45
1465.38
1587.27
1565.99
1957.36
1727.3
1756.22
1897.37
1993.84
1524.31
1763.61
1640.67
1673.76
1656.48
1619.58
1945.1
1641.79
1412.7
1364.69
2012.53
1535.68
2076.94
1523.22
1781.56
1644.04
1935.2
1860.15
1606.23
1507.71
1779.26
1410.13
1764.94
1635.53
1832.35
1569.05
1814.75
1538.08
2041.28
1848.12
1959.53
1619.75
1893.84
1880.69
1978.29
1881.27
1932.02
1930.76
1471.67
1828.72
1537.7
1855.61
1485.62
1618.34
1585.56
2030.26
2037.78
2078.6
2114.21
1926.07
1534.28
1563.92
1635.2
1799.82
1538.12
1674.33
1608.05
1822.21
1390.18
1554.17
2022.92
2002.38
1738.48
1981.81
1433.63
1477.25
1889.93
1524.12
1830.33
1536.57
1457.23
1408.69
1722.32
1916.76
1648.06
1868.4
2016.56
1638.14
1969.93
1872.44
2021.31
1576.24
1677.71
1460.95
1895.53
1926.72
1915.81
1926.08
1763.05
1901.88
1714.88
1766.39
1778.87
1414.38
1398.98
1718.45
1798.62
1900.04
2042.29
1794.91
1727.25
1418.25
1399.38
1839.05
1949.17
1683.4
1760.36
1848.16
1823.76
1491.77
1881.56
1849.98
1886.76
1796.76
1841.18
1738.34
1612.55
1780.83
1610.88
1469.4
1455.55
1910.32
1670.76
1418.6
2034.95
1617.45
1950.44
1721.38
1419.73
1481.85
2093.79
1848.5
1580.87
1547.11
1669.8
2033.8
1677.63
1488.39
1798.16
1487.82
1656.28
1442.83
1552.79
1681.49
1451.14
1500.84
2029.34
1832.63
2073.68
1991.92
1507.85
1504.03
1588.24
1925.98
1498.57
1410.61
2063.37
1562.79
1806.24
1731.96
1679.75
1646.67
1406.54
1555.93
1937.23
1881.03
1724.77
1567.97
1960.24
1953.14
1733.24
1908.92
1832.65
1455.8
1526.55
1949.5
1808.65
1902.58
1937.06
1560.56
1809.66
1950.11
1542.54
1541.32
1650.61
1909.43
1791.19
1398.2
1692.42
1518.91
1694.51
1747.26
1707.66
1576.15
1707.67
1441.81
1890.26
1436.8
1499.75
1943.75
1919.25
1526.55
1519.6
1762.73
1778.47
1544.96
1711.34
1549.31
1904.9
1698.29
1529.91
1400.27
1682.44
1766.25
1392.22
1615.03
1600.36
1892.41
1726.34
1633.78
1787.08
1398.26
1468.17
1666.1
1605.72
1627.26
1696.2
1544.84
1529.91
1470.24
1591.8
1480.6
1583.46
1503.61
1577.88
2116.54
1785.66
1873.24
1733.42
1683.93
1850.87
1418.35
1472
1887.2
1684.84
1679.47
1802.16
1733.8
1753.7
1546.76
1929.52
1661.69
2025.29
1574.1
1554.25
1872.74
1616.23
1829.37
1856.09
1928.89
1929.42
1774.14
1457.75
1425.64
1386.78
1543.1
1563.94
1487.57
1469.83
2137.68
1732.8
1538.1
1515.44
2070.5
1485.47
1964.63
1653.52
1579.43
1716.72
1627.17
2004.1
1893.57
1428.05
1512.69
1454.97
1455.73
2004.28
2060.72
1965.22
1480.18
1520.45
1898.46
1638.42
1494.91
1781.49
1901.58
1563.4
1534.67
1963.86
1701.67
1441.61
1819.4
1991.43
1569.59
2112.05
1494.66
1646.9
1997.21
2116.16
1815.36
1996.13
1818.03
1782.75
1837.43
1912.06
1891.44
1510.91
1809.6
1540.21
1675.42
1429.06
1936.71
1949.32
1515.24
1493.67
1606.22
2040.82
1939.66
1559.77
1434.03
1677.02
1791.28
1936.35
1561.56
2057.11
1750.89
1839.04
1776.01
1842.51
1500.85
1708.83
1662.94
1642.83
1488.05
1694.57
1438.37
1608.91
1534.57
1746.75
1587.16
1647.12
2003.17
1921.84
1655.26
2017.85
1791.22
1678.62
1779.1
1524.82
1958.29
1965.22
1492.63
2009.47
1883.38
1792.74
1997.05
2052.24
1631.69
1691.28
1915.87
1579.63
1536.52
1473.21
1739.87
1956.83
1748.36
1850.13
1875.02
1760.63
1652.98
1859.27
1458.07
1791.35
1727.72
1854.71
1417.43
1828.25
1519.83
2072.54
1707.09
1633.29
1943.59
1925.22
1558.75
1688.55
1927.64
1672.65
1630.67
1712.68
1643.94
1712.46
1803.85
1548.38
1910.73
1886.64
1668.73
1621.46
1991.77
1880.87
1439.45
1486.31
1519.06
1772.31
1978.91
1988.67
1593.78
1538.64
1852.88
2036.96
1526.37
1496.03
1825.41
1483.41
1973.34
1878.21
1600.71
1527.34
1428.1
1408.56
1484.42
1500.88
1878.39
1720.81
1896.57
1409.19
1566.72
1596.62
1449.13
2055.06
2014.04
2010.63
1446.35
1785.61
1411.51
1825.74
1838.29
1703.31
1698.01
1670.47
2001.31
1581.07
1651.46
1774.39
1680.71
1449.06
1618.84
1512.05
1799.73
1663.98
1776.92
1986.24
1499.67
1383.05
1465.55
1512.29
1960.84
1596.27
1881.42
1957.12
1706.24
1568.53
1872.48
1846.44
1530.67
1896.33
1899.4
1899.29
1414.91
1850.58
1927.53
1926.55
1780.33
1520.7
1468.25
2047.78
1570.22
1480.18
1927.15
1815.83
1620
1564.57
1899.45
1771.77
1628.56
1410.41
1619.72
2102.87
1883.29
1467.84
1923
1515.38
1996.4
1874.42
1760.61
1797.1
1479.73
1709.57
1875.93
2020.75
1494.44
2040.5
1751.09
1939.83
1507.34
1645.94
1839.78
1878.04
1474.01
1467.46
1865
1569.87
1897.88
1459.46
1551.73
1948.65
2056.17
1635.67
1850.92
2014.16
1474.28
1556.45
1659.76
1936.92
1523.97
1471.52
1682.13
1910.41
1717.96
1454.48
1740.42
1665.41
1603.02
1660.21
1571.97
2080.51
1893.65
1674.39
1762.72
1485.24
1806.07
1670.79
1484.58
1902.79
1722.94
1427.01
1498.21
2071.27
1439.71
1971.17
1537.44
1408.54
1725.31
1501.02
1696.93
1594.77
1708.27
1915.93
1538.43
1837.87
1563.91
2086.8
1590.94
2137.75
1977.63
1601.31
2074.36
1860.86
1997.68
1506.96
2012.38
1560.38
1528.84
1647.71
1739.33
1648.68
1721.09
1759.55
1924.65
1590.28
1758.52
1457.9
1914
1538.5
1954.05
1538.24
1690.6
1864.4
1915.18
1787.07
1463.72
1712.94
1808.67
1761.6
1694.9
1859.9
1626.53
1674.96
1981.56
1497.06
1375.14
1406.6
1743.99
1876.82
1896.31
1874.48
1987.03
1880.47
1587.34
1468.52
1725.8
1782.69
1786.16
1910.27
1427.8
1892.09
1931.19
1614.8
1820.33
1828.65
1775.66
1927.94
1869.09
1770.36
1687.38
2038.15
2012.87
1393.61
1614.26
1883.59
1874.16
1599.82
2070.34
1413.26
1780.45
1471.48
1754.94
1681.78
1989.88
1614.38
1556.06
2027.97
1512.18
1946.61
1660.34
1576.12
1514.14
1453.6
1718.35
2048.3
1989.16
1488.37
1436.86
1775.27
1965.58
1697.75
1634.5
1958.37
1883.46
1590.59
1990.17
1995.6
1946.41
1877
1781.94
1430.01
2027.7
1884.95
1677.12
1530.33
1983.17
1539.9
1502.51
1640.06
1458.28
1537.84
1646.55
1822.62
1524.74
1558.39
1573.95
1600.25
1593.68
1673.76
1882.99
1521.33
2036.66
1374.29
1882.85
1704.32
1545.01
1411.15
2046.97
1506.41
2010.11
1484.31
2094.08
1818.51
1720.1
1687.61
1972.41
1626.91
1662.12
1860.3
1954.9
1440.3
1880.95
1722.95
1512.76
1544.1
1589.64
1576.64
1762.87
1975.45
1615.74
1982.59
1939.6
1872.73
1756.96
1863.5
1615.3
1712.89
1796.2
1813.41
1834.39
1581.42
1824.57
1787.27
1690.2
1868.43
1952.34
1942.54
1873.03
1801.69
1814.8
1669.78
1677.63
1696.79
1544.69
1614.36
1693.32
1523.85
1674.3
1717.64
1840.05
1855.14
1998.07
1704.79
1883.31
1832.16
1689.24
1813.01
1464.5
1485.96
1567.55
1584.5
1562.7
1849.44
1823.11
1425.41
1536.95
1526.62
1810.96
1918.46
1446.97
1552.59
1727.87
1618.32
1926.1
1858.21
1562.09
1967.41
1545.65
1424.66
1599.15
1767.9
1829.54
1717.79
1542.53
1392.48
2085.3
1419.49
1708.09
1937.1
1991.57
1574.84
1792.58
1571.36
1642.72
1411.43
1978.56
1735.77
2012.16
1409.89
1578.98
1662.13
2087.01
1492.28
1630.53
1581.76
1881.66
1396.67
1632.47
1702.99
1763.17
1948.72
1994.98
1893.2
1980.11
1718.54
1447.32
1508.41
1598.25
1819.66
1558.52
1502.88
1892.44
1489.81
1445.13
1450.98
1742.12
1857.98
1469.73
1759.9
1468.55
1458.55
1613.47
1657.88
1766.55
1686.28
1942.87
1412.16
1571.65
1717.41
1466.81
2072.05
1687.64
1605.22
1632.12
2140.31
2073.78
1526.37
1780.85
1543.41
1681.85
1611.83
1761.04
1516.76
1541.87
1733.92
1567.87
1675.1
1776.63
1763.74
1537.74
1766.9
1946.45
1685.44
1446.58
1425.94
1917.03
1603.78
1972.37
1420.53
1525.25
1898.48
1955.52
1479.39
1844.02
1678.81
1486.1
2033.2
1765.37
1562.59
1651.02
1666.99
1935.72
1981.85
1882.13
1448.36
1785.72
1985.65
1710.48
1703.74
1683.45
1430.96
1614.97
1818.55
2044.87
1377.26
1875.52
1533.46
1913.33
1442.18
1545.69
1753.87
1638.79
1885.24
1982.36
1579.17
1577.6
1467.1
1961.99
1642.95
1607.83
1483.59
1510.85
1850.69
1377.43
1701.33
1869.75
1512.61
1797.24
1452.04
1508.65
1718.62
1634.67
1438.02
1940.52
1925.06
1834.01
2002.12
1729.88
1569.53
1719.82
1737.01
1770.66
1656.2
1814.87
1885.96
1796.62
1410.43
1558.04
1575.27
1737.61
1663.8
1723.8
1542.71
1754.8
1835.39
1424.35
1829.94
1677.42
1610.23
1986.87
1863.61
1703.05
1670.54
1601.93
1538.94
1522.18
1958.05
1495.51
1459.69
1774.45
1871.62
1797.92
1617.62
1742.18
1755.32
1431.04
1818.87
1492.06
1491.59
1574.67
1789.99
2009.39
1600.03
2009.76
1464.87
1459.61
2110.6
1951.2
2035.22
1555.64
1514.27
1689.13
1653.72
1696.52
1467.78
1941.26
1629.34
1573.09
1377.95
1419.11
1779.84
1705.86
1829.99
1838.61
1728.34
1775.04
1830.68
2003.68
1615.95
1732.42
1737.73
1770.48
1864.44
1903.58
2038.58
1478.64
1869.26
1514.08
1867.3
1800.87
2047.89
1615.48
1489.99
1562.82
2092.11
1423.59
1850.31
1806.35
2078.88
1603.36
1968.7
1901.69
1875.83
1569.39
2005.46
1884.66
1650.26
1934.29
1978.92
1856.57
1538.98
1788.37
1903.72
1931.24
1475.65
1886.47
2059.32
1766.57
1577.8
1420.73
1452.59
1723.54
1393.02
1972.93
1879.71
1880.77
1512.23
1590.62
1734.46
1648.53
1545.46
1664.9
1612.78
1796.83
1897.11
1980.9
1656.84
2002.83
1527.72
1996.87
1811.36
1509.83
1640.81
1646.13
1672.16
1472.05
1568.74
1473.81
1923.56
1797.42
1841.86
2044.63
1993.92
1466.54
2081.78
1845.22
1855.43
1522.89
2073.99
2107.3
2036.21
1899.23
1952.12
1516.88
1637.6
1994.68
1755.67
1991.28
1647.5
1478.02
1793.05
1457.37
1775.26
1682.08
1745.55
1788.25
1639.21
1505.45
1422.71
1869.63
1935.58
1569.13
1837.85
2033.76
1951.03
1564.86
1484.96
1970.17
2046.75
1615.41
2060.83
1892.57
1616.16
1473.28
1754.56
1638.56
1707.79
2040.65
1709.16
1869.11
1623.14
1841.03
1770.05
1968.68
1784.17
1470.62
1776.83
1992.76
1958.74
2021.15
1905.32
1591.1
2015.98
1612.98
2031.73
1531.98
1520.75
1620.23
1719.38
1457.02
1525.28
1729.88
1505.44
1702.29
1762.88
1701.43
1630.5
1611.82
1557.7
1390.49
2073.81
1376.65
2023.34
2059.36
2055.37
1363.01
2040.08
1768.42
1670.24
1932.48
1765.11
1430.89
1756.34
1865.26
1483.09
2060.21
1493.48
1771.89
1536.65
1615.32
1714.55
1492.47
1767.29
1431.34
1650.46
1638.85
2074.92
1512.28
1682.77
1899.95
1902.34
1851.4
1410.26
1520.24
1748.07
1779.16
1746.55
1975.61
1469.74
1844.47
2015.71
1420.84
1397.31
1827.36
1694.63
1677.17
1901.9
1704.66
1660.23
1437.02
1975.77
1905.74
1434.78
1680.87
1768.03
1719.43
1862.35
1456.88
1772.39
1963.54
1658.69
1799.28
1472.21
1531.88
1522.47
1755
1629.84
1972.17
1869.43
1701.55
1438.06
1477.66
2013.45
2039.37
1588.83
1882.22
1930.92
1536.1
1558.1
2113.68
1509.61
1498.13
2078.83
1766.98
1788.4
1914.34
1869.8
1647.88
1403.03
2090.19
1886.64
1437.19
1657.5
1747.27
1958.27
1655.63
1803.29
1472.7
2027.72
1495.92
1491.47
1762.16
1895.51
1967.29
1780.77
1768.65
1917.39
1614.01
1458.51
1712.4
1874.65
1527.1
1736.36
1881.83
1874.98
1451.25
1538.93
1607.21
1419.1
1870.64
1578.44
1501.83
1762.23
1770.29
1739.14
1598.67
1885.22
1591.25
1873.24
1372.04
1657.61
1983.37
1441.47
1943.78
1834.01
1671.42
2070.63
1563.75
1519.14
1595.27
1461.92
1696.15
1770.81
1830.83
1585.09
1541.97
1420.29
1492.54
1704.73
1846.22
1425.48
1748.04
1789.26
1982.39
1420.68
1735.39
1889.21
1625.66
1998.11
1969.04
1471.61
1812.86
1946.53
1830.17
1765.84
1641.44
1454.83
1740.15
2052.9
1561.44
1589.95
1833.1
1858.47
1688.04
1938.92
1851.59
1712.87
1442.31
1701.43
1463.72
1684.86
1936.72
2027.77
2045.27
1998.01
1639.49
1533.47
2091.53
1532.53
1610.89
1837.92
2018.34
1490.27
1650.22
1817.43
1662.7
1671.25
1592.13
1778.08
1538.97
1807.58
1798.69
1564.67
1774.25
1995.54
1792.53
1611.98
1873.78
2016.97
1935.69
1467.75
1507.8
1997.9
1521.09
1865.61
2067.96
1646.12
1562.5
1645.75
1496.02
1403.91
1631.73
1908.97
1660.06
1484.86
1688.14
1895.29
1969.04
1461.49
1718.96
1877.9
1893.19
1491.15
2107.33
1846.89
1881.48
1721.49
1408.49
1596.3
1627.05
1896.64
1782.42
1751.14
1539.21
1798.28
1660.57
1535.13
1793.33
1545.81
1918.57
1461.52
1721.24
1557.68
2118.27
1972.22
1670.12
1788.3
1661.76
1433.24
1697.09
1733.45
1597.02
1552.64
1582.34
1904.43
1534.12
1460.57
1444.44
1528.59
1742.68
1921.65
1853.06
1951.58
1769.02
1610.17
1678.49
1823.33
2005.42
1602.9
1939.61
1756.05
1756.06
1533.9
1962.05
1615.59
1432.25
1668.62
2009.32
1515.96
2066.94
1433.31
1587
1530.88
1992.2
1994.22
1634.82
1583.92
1662.91
1891.58
1992.53
1534.42
1679.61
1877.65
1608.12
1706.8
2040.55
1720.02
1598.77
1999.48
1498.65
1452.13
1922.82
1607.46
1523.95
1406.39
1883.28
1568.79
1414.51
1909.37
1571.3
1793.88
1840.68
1560.42
1869.57
1481.93
1878.26
2045.57
1658.37
1733.88
1376.57
1843.97
1709.91
1746.17
1528.04
1855.48
1787.49
1665.94
1936.64
1578.21
1521.29
1664.63
1597.18
1437.35
1692.17
1410.95
1713.82
1978.88
1455.24
1611.13
1853.54
1978.11
2034.06
1514.25
1982.3
1737.94
1612.35
1759.62
1962.16
1719.15
1604.79
1419.87
1692.87
1883.76
1666.11
2056.94
1759.11
2018.08
2021.56
1434.91
1847.21
1592.67
1943.8
1455.69
1858.62
1999.26
1894.8
1864.93
1969.59
1730.87
1429.1
1873.45
1906.79
1678.57
1769.95
1880.65
1390.03
2066.11
2103.76
2022.6
1487.83
1428.66
1995.71
1668.09
1750.48
1927.4
1476.52
1915.82
1470.79
1978.72
1833.25
1641.18
1958.02
1530.25
1917.34
1453.77
1443.82
1686.77
1482.07
1368.67
1763.37
1407.08
1901.59
1505.73
1815.27
1514.37
1936.22
1820.39
1666.67
1503.93
1783.06
1662.09
1931.22
1887.08
1625.7
1459.46
1542.14
1991.72
1836.62
2005.16
1906.1
1588.94
1526.18
1749.73
1888.29
1509.81
1689.86
2011.5
1868.8
1668.8
1943.48
1998.43
1543.22
1828.63
1981.91
1681.47
1793.71
1464.3
2026.03
1445.19
1455.29
2020.73
2033.11
1768.3
1813.44
1885.95
1907.78
1518.13
1871.46
1595.35
2073.77
1807.31
1445.36
1447.84
1795.55
1870.16
2022.97
1772.24
1822.25
1885.4
1724.5
2052.13
1535.34
1854.64
1987.67
1950.69
1742.99
1749.49
1501.23
1902.73
1739.55
1726.26
1611.77
1531.75
1688.02
1633.15
1661.86
1495.84
1794.55
1438.31
2044.24
1989.35
1468.63
1956.82
1537.47
1789.39
1797.71
1739.84
1530.45
1404.03
1914.47
1737.23
1560.83
1458.05
1646.24
1947.59
1888.28
1763.63
1916.18
1529.2
1517.42
1476.63
1599.48
1728.55
2083.57
1495.4
1720.05
1761.93
1622.49
1574.95
1725.03
1546.45
1601.17
1765.98
1522.5
1977.88
2027.49
1590.93
1671.39
1893.82
1986.92
1738.95
1498.46
1418.76
1611.79
1958.73
2034.15
2024.29
1905.68
2022.3
1551.53
1666.12
1894.39
1609.26
1689.37
1469.33
1973.67
1598.5
1632.94
1959.67
1467.72
1800.68
1973.45
2004.07
2093.54
1971.05
2024.59
2090.46
1795.94
1492.47
1480.79
1449.2
1620.74
1502.53
1839.5
1938.83
1889.01
1934.23
1439.57
1531.51
1994.47
1613.87
1385.84
1580.55
1830.11
1737.03
1901.5
2044.5
1369.58
1991.86
1461.79
1394.09
1955.9
1953.92
1987.47
1936.41
1865.79
1428.99
1919.86
1640.59
1454.42
1483.15
1682.37
1711.12
1841.71
1900.11
1781.72
1832.01
1911.55
1794.54
1891.85
1529.47
1424.55
1740.63
1548.74
1827.7
1812.37
1698.95
1687.69
1454.13
2044.05
1937.3
1623.28
1492.65
1976.24
1538.09
1636.79
1486.08
1784.47
1522.03
1703.44
1474.36
1714.57
1998.73
1684.24
1880.26
1555.66
1851.86
1676.08
1578.57
1581.65
1521.58
1753.66
1532.89
2087.13
1681.39
1585.88
1808.7
1635.12
1748.04
1887.39
1481.39
1556.29
1591.76
2107.6
1661.89
1622.88
1997.38
1678.3
1710.3
1594.49
1499.59
1908.13
1917.84
1818.46
1882.37
1438.54
1933.64
2007.29
1584.76
1843.11
1844.06
1393.78
1762.83
1831.86
1430.42
1648.37
1555
1759
1500.72
1696.57
1497.66
1889.41
1683.95
1731.84
1670.75
1571.98
1923.06
1479.33
1896.6
1793.22
1776.53
1530.55
1785.82
1510.26
1624.5
1452.08
1406.94
1533.65
1719.26
1899.65
1978.9
1486.75
1738.68
1784.64
1936.47
1429.35
1554.08
1855.45
1885.25
1845.93
1744.23
1461.19
1696.06
1667.72
1706.61
1542.78
1992.24
1800.51
1771.26
1645.87
1741.36
1459.11
2034.14
1384.5
1996.07
1619.01
1750.23
1835.85
1824.62
2145.29
2046.81
1915.25
1945.28
1804.78
1890.27
2008.26
1522.75
1506.84
1505.45
1743.41
1728.36
1915.63
1892.7
1468.8
1620.29
1552.24
1663.34
1795.99
1485.54
1505.04
1601.63
1905.15
1891.46
1962.88
2004.03
1499.3
1604.24
1416.6
1871.02
1466.34
1770.47
1523.97
1986.41
1729.57
1660
1957.62
1398.5
1508.64
1542.93
1691.17
1805.37
1562.95
1859.92
1581.24
1402.25
1582.84
1623.21
1904.85
1586.63
2029.04
1904.46
1879.13
2030.18
1577.18
1564.58
1475.47
1722.88
1950.03
1933.43
1873.74
1615.83
1792.49
2030.99
1783.21
1727.09
2054.15
1713.3
1867.73
1829.09
1669.82
2020.76
1784.15
1588.04
1455.01
1792.69
1765.06
1631.91
1467.67
1502.64
1708.93
1483.33
1578.3
1506.55
1574.19
1473.49
1536.49
1805.11
1767.82
1454.23
1801.85
1456.66
2036.61
1638.47
2062.46
1775.88
1573.47
2032.55
1543.31
1857.83
2079.92
1669.84
1689.53
1606.18
1490.61
1962.6
1566.85
1475.4
1980.63
1632.27
1803.71
1819.69
1630.21
1990.73
1937.16
2116.96
1656.16
1625.25
1805.3
1458.07
1901.12
1730.53
1555.45
2021.55
1794.75
1928.2
2027.93
1647.32
1432.94
1533.53
1642.96
1889.71
1641.43
1654.91
1842.17
1451.03
1585.1
1946.37
1937.84
1442.54
1812.15
2052.81
1974.79
1695.19
1494.94
1912.2
1722.77
1625.91
1494.38
1871.23
1693.32
1925.12
1566.69
1692.01
2012.74
1658.08
1869.95
2066.42
1413.28
1485.6
1985.9
1444.96
1651.23
1863.13
1714.57
1637.93
1751.03
1778.34
1973.91
1486.35
2054.01
1764.37
1673.58
1672.51
1758.61
1742.19
1546.25
1425.27
2031.62
2051.93
1377.01
1790.8
1725.24
1859.2
1427.13
1891.36
1890.36
2006.02
1798.67
1779.81
1508.08
1856.01
1704.05
1695.06
1959.9
2018.77
1471.41
1810.84
1871.57
1448.75
1534.56
1682.73
1649.48
1595.82
1839.94
1541.98
1984.18
1442.15
1740.58
1754.08
1495.05
1949.71
1552.67
1467.75
1857.2
1402.87
1650.3
1450.78
1719.87
1421.82
1428.44
2005.08
1877.18
1720.29
1394.14
1896.71
1829.05
1947.21
1590.89
1474.23
1666.83
1941.86
1941.18
1868.82
1992.55
1538.3
1953.3
1864.93
1473.86
1434.4
1446.3
1903.77
1845.4
1484.74
1831.69
1452.32
1791.78
2013.16
1566.37
1649.02
2057.29
1962.29
1406.94
1894.14
1641.69
1883.01
1958.39
1866.55
1563.41
1821.43
1578.69
1533.89
1809.73
1506.76
1500.09
1838.31
1800.34
1896.28
1809.52
1493.1
1380.92
1443.71
1984.74
1823.36
1603.8
1633.24
1739.95
1699.12
1977.14
1881.87
1434.71
1722.78
1801.49
1620.58
1445.9
1829.24
2077.65
1756.87
1535.75
1470.78
1788.14
1369.79
2056.42
1803.62
2046.86
1593.07
1976.6
1590.54
1834.8
2022.47
1497.41
1551.76
1520.1
1691.3
2047.66
1768.39
1658.88
1617.92
1931.12
2100.31
1374.74
1562.76
1789.36
1456.68
1692.42
1470.48
1795.1
1790.78
1396.71
1808.35
2000.24
1965.57
1744.63
1870.88
1647.12
1440.66
1671.01
1556.58
1938.13
1678.23
1839.89
1440.75
2010.26
1839.08
1540.21
1770.79
1388.97
1667.36
1673.35
1808.38
1941.53
1789.34
