0.0317577
0.0320403
0.0327424
0.0331489
0.0312577
0.0286936
0.0332095
0.0322499
0.0305888
0.0314951
0.0318721
0.0305637
0.0324162
0.032862
0.0285028
0.0311916
0.0303264
0.0305329
0.0302462
0.0323138
0.0317453
0.0319068
0.033039
0.0335882
0.0324232
0.0334694
0.0313539
0.0318523
0.0321184
0.0325623
0.0287468
0.0309671
0.0305588
0.0319702
0.0321838
0.0322345
0.0299279
0.0309301
0.0343678
0.032399
0.0318184
0.0291142
0.0333813
0.032639
0.0298054
0.0331367
0.0325747
0.0327968
0.0323497
0.0292967
0.0308804
0.0313825
0.030438
0.0303655
0.0295521
0.0297027
0.0315381
0.0315124
0.0322924
0.0327356
0.0314014
0.0308152
0.0309561
0.0336926
0.0304619
0.0311256
0.0320016
0.0307573
0.0288519
0.0315127
0.0305051
0.0298929
0.0297773
0.0295698
0.0328585
0.0324083
0.0326665
0.0291858
0.0317852
0.0349234
0.0352201
0.0279424
0.0315235
0.0334943
0.0307932
0.0327607
0.0316882
0.0301773
0.0314018
0.030992
0.0316895
0.0319869
0.0319044
0.0292046
0.0333631
0.0309974
0.0315244
0.0336766
0.0298722
0.0323677
0.032815
0.0334173
0.0328106
0.0284433
0.0304095
0.0307886
0.0322114
0.0315378
0.0291959
0.0315675
0.030611
0.0297333
0.0301064
0.0329133
0.0295499
0.0317384
0.0309253
0.0314716
0.0347224
0.0325219
0.0317452
0.0302391
0.0322171
0.0301545
0.0343217
0.0323841
0.035205
0.029856
0.0310741
0.0328803
0.0309704
0.0323506
0.0325995
0.0336195
0.0336725
0.0323589
0.0318715
0.0314367
0.0330057
0.0321519
0.0343283
0.0302898
0.0319866
0.0315231
0.0318707
0.0320803
0.0317888
0.0316543
0.0314585
0.0310505
0.0331506
0.0298865
0.0300784
0.0317087
0.0320465
0.0339752
0.0319541
0.0329882
0.0315994
0.0315414
0.0328764
0.0326496
0.0300764
0.0307313
0.0319222
0.0288822
0.0314026
0.0328131
0.0336361
0.0296711
0.0310652
0.0310481
0.0305626
0.0327434
0.0308232
0.032059
0.0315551
0.0316055
0.0314754
0.0297568
0.0304037
0.0304413
0.0296455
0.0313875
0.0332432
0.0311221
0.0341543
0.0318183
0.03119
0.0314633
0.0313289
0.0317252
0.0299309
0.0338647
0.0332261
0.0307855
0.0297345
0.0290491
0.0352613
0.0318844
0.0331635
0.0295795
0.0312667
0.0334177
0.0314463
0.031094
0.0316421
0.0310572
0.0290469
0.032081
0.0314724
0.0338389
0.0302451
0.033613
0.0318288
0.0316268
0.0324799
0.0322501
0.0324717
0.0290519
0.0305951
0.0322261
0.0317672
0.0307124
0.0293578
0.0320057
0.0334817
0.030052
0.0304838
0.0300476
0.0310055
0.0319766
0.0298592
0.0307538
0.0335648
0.0322138
0.0301757
0.0305808
0.0332215
0.0328353
0.0324433
0.0312393
0.0291603
0.0319786
0.0318892
0.0300881
0.0311142
0.0323882
0.0303635
0.0321059
0.0309281
0.0289696
0.0342078
0.028452
0.0328793
0.0306045
0.0316974
0.0300682
0.030979
0.0318103
0.0333006
0.0328881
0.0334812
0.0326364
0.0324656
0.0344285
0.0304952
0.0312718
0.0316197
0.031771
0.0309628
0.0309303
0.029976
0.0299621
0.0321283
0.0318895
0.0316349
0.0319433
0.0299137
0.0309175
0.0312537
0.0313704
0.0327692
0.0325734
0.0331443
0.033073
0.0313106
0.03339
0.0328781
0.0317013
0.0312643
0.0287517
0.0308329
0.0316597
0.0303321
0.0298764
0.0322707
0.0328921
0.0345582
0.0317324
0.0312762
0.0298678
0.0320751
0.0327921
0.0321552
0.0324029
0.0296427
0.031165
0.0299763
0.0307905
0.0298694
0.0319931
0.0327401
0.030949
0.0288673
0.0324805
0.0305907
0.0303935
0.0324567
0.0296639
0.0302729
0.0318362
0.0305848
0.0317584
0.0331038
0.0320099
0.0322372
0.031849
0.0330341
0.0296731
0.0320298
0.0309789
0.031172
0.0308692
0.0308059
0.0322471
0.0337185
0.029701
0.031765
0.0320299
0.0301695
0.0317339
0.0330492
0.035163
0.0305508
0.0286023
0.0359431
0.0302467
0.0301723
0.0314983
0.0318927
0.0334407
0.0324454
0.0324638
0.0328807
0.0320674
0.0334504
0.0300254
0.0325218
0.0335727
0.0292147
0.0322968
0.0300657
0.0309895
0.0297876
0.030609
0.0339564
0.0308714
0.0303719
0.0310804
0.0296325
0.0323055
0.0288217
0.0307499
0.0330345
0.030687
0.0308614
0.0321155
0.0307543
0.0321466
0.0322428
0.0328625
0.0324049
0.0300308
0.0308782
0.032771
0.0317813
0.0306783
0.0319876
0.0287222
0.0326351
0.0322705
0.0307787
0.0311113
0.0337768
0.0317842
0.0291221
0.0310153
0.0309631
0.0326051
0.0303527
0.0306987
0.0320016
0.031601
0.0301101
0.029706
0.031248
0.0317048
0.0315031
0.0305387
0.0325891
0.0322139
0.0328354
0.0305876
0.0331115
0.0304782
0.0313261
0.0306699
0.0292642
0.0318847
0.0310494
0.0340709
0.0301935
0.0302123
0.0328525
0.0310338
0.0349526
0.0321832
0.0322975
0.0313813
0.0326543
0.0346712
0.0322562
0.0306516
0.0316988
0.0299354
0.0322038
0.0339223
0.0297968
0.0287845
0.0331628
0.0318444
0.0345796
0.0326575
0.0298697
0.0328459
0.0327271
0.0319979
0.031455
0.0307758
0.0315016
0.0300252
0.0334125
0.0322538
0.0326173
0.0321063
0.0330906
0.0309204
0.0311815
0.0310503
0.0295203
0.0314521
0.033611
0.0332977
0.0304255
0.0318162
0.0327848
0.0317122
0.0320484
0.0328216
0.0290151
0.0309044
0.0308566
0.0304615
0.0297006
0.0308676
0.0321201
0.03102
0.0306888
0.0313365
0.0317669
0.0313114
0.0332141
0.0302859
0.0300515
0.0328507
0.0327941
0.0290578
0.0313791
0.0327913
0.0309184
0.0310605
0.0339098
0.0323482
0.0331003
0.0315982
0.0332147
0.031977
0.0291369
0.0320583
0.030229
0.0298662
0.0317853
0.0307327
0.0295018
0.0310897
0.0327203
0.0307076
0.0318883
0.0305746
0.0335468
0.0305683
0.0301718
0.0323253
0.0315112
0.0312754
0.0311589
0.033039
0.0324814
0.0306145
0.0325294
0.0338211
0.02847
0.0332581
0.0299615
0.0303009
0.0322911
0.0324962
0.029481
0.0319495
0.0300809
0.0306816
0.0329672
0.0313949
0.0312654
0.0307262
0.0352225
0.0311945
0.0332668
0.0320932
0.0306756
0.0304513
0.0300435
0.0293047
0.0309467
0.0321013
0.0319101
0.0303529
0.0318938
0.0313069
0.0314253
0.0318869
0.0309874
0.0335897
0.032072
0.0324267
0.032725
0.03062
0.0330458
0.029676
0.031443
0.0331331
0.0306866
0.03217
0.0341869
0.0328144
0.0343954
0.0321909
0.033449
0.0313602
0.031284
0.0332991
0.0304371
0.0305811
0.0309931
0.0332293
0.0299808
0.0311194
0.0329642
0.0334172
0.0308296
0.0327612
0.0318456
0.0312899
0.0330762
0.0322972
0.0330925
0.0316403
0.0354342
0.0292744
0.0331503
0.0340915
0.0302938
0.0311022
0.0311261
0.0317637
0.0335668
0.0313955
0.0324876
0.0330535
0.0314501
0.0312362
0.0289526
0.0298008
0.033201
0.0337546
0.029861
0.0318431
0.0326456
0.0320963
0.03006
0.033382
0.030703
0.0332763
0.0304063
0.0329231
0.0317413
0.0296313
0.0328098
0.0287672
0.0307727
0.0307766
0.030753
0.0325555
0.0301342
0.0341929
0.0338714
0.0316712
0.033314
0.0321501
0.0316013
0.0320073
0.0309729
0.0316332
0.0320981
0.0305114
0.0306419
0.0314284
0.0320825
0.0309572
0.0316058
0.0345694
0.0328573
0.0338899
0.0318172
0.0288918
0.0323711
0.032942
0.0318825
0.0308159
0.0290895
0.0302646
0.031219
0.0323809
0.0314418
0.0301609
0.0312816
0.0313255
0.0318184
0.0328418
0.031093
0.0317953
0.0333924
0.0301421
0.0311501
0.0312745
0.0330527
0.0328865
0.0310874
0.0291982
0.0340564
0.0340296
0.0311384
0.0336567
0.0342969
0.0324187
0.0306941
0.0316224
0.033232
0.0308183
0.0294324
0.0314313
0.032348
0.0306829
0.0309424
0.0298802
0.0310547
0.0309744
0.0328981
0.0308779
0.0308055
0.0330191
0.0297901
0.0291819
0.0307177
0.0305559
0.0288204
0.0329726
0.0298283
0.0332401
0.0313496
0.0313734
0.0328203
0.0328489
0.0339953
0.0313862
0.0310723
0.0328006
0.0306371
0.0305395
0.0296872
0.0321184
0.0322446
0.0309575
0.0332444
0.0296233
0.0342593
0.0316598
0.0305603
0.032206
0.0310122
0.0295995
0.0311283
0.0277486
0.0304911
0.0309823
0.0314102
0.0304753
0.0322248
0.0301824
0.0322317
0.0298705
0.0343351
0.0301504
0.0344642
0.0337621
0.0309708
0.0341428
0.0294307
0.0327205
0.0295892
0.0310185
0.0319056
0.0352488
0.0318129
0.0324318
0.0361479
0.0320345
0.0307504
0.0311206
0.0311593
0.0300676
0.0331524
0.0310621
0.031436
0.0325637
0.0303066
0.0311546
0.0311294
0.03044
0.0306486
0.030941
0.0303108
0.0311094
0.0326891
0.031073
0.0305535
0.0334284
0.0319254
0.0315563
0.031842
0.0334805
0.0296334
0.0336516
0.0313146
0.0314203
0.0337726
0.0324642
0.0322602
0.0298556
0.0333728
0.0329315
0.030481
0.0329966
0.031668
0.032373
0.0292167
0.0316886
0.0323229
0.0303218
0.0305523
0.0283007
0.0322504
0.0316304
0.0305508
0.0334894
0.0309857
0.0320558
0.0300392
0.0316229
0.0320744
0.0301964
0.0312405
0.0322432
0.0316251
0.0326236
0.0341067
0.0325839
0.0325398
0.0318852
0.0290045
0.031981
0.0304005
0.0314581
0.0311359
0.0307937
0.0311453
0.0303295
0.0319742
0.0299332
0.0312507
0.0337779
0.0308771
0.0326546
0.0300953
0.0312037
0.0322282
0.0331324
0.031415
0.0318837
0.0327608
0.0305706
0.0301418
0.0316189
0.0327363
0.0302377
0.0336388
0.0323868
0.0277823
0.0297083
0.0319271
0.0307493
0.0319721
0.031611
0.0337859
0.0336909
0.0281449
0.0303226
0.0317372
0.0333219
0.0333484
0.0312408
0.0323861
0.0300437
0.0317977
0.0334383
0.0299038
0.0339301
0.0309003
0.0288972
0.0314383
0.0314236
0.0315112
0.0298686
0.0312357
0.03039
0.0315204
0.0316353
0.0324793
0.0309876
0.0326269
0.0326296
0.0321072
0.0302411
0.0343824
0.0338226
0.0306941
0.0355551
0.0328789
0.0314626
0.0320882
0.0298279
0.031918
0.0303854
0.0339131
0.0315261
0.0288187
0.0296217
0.0325138
0.0336141
0.0308396
0.0335891
0.0319564
0.0345815
0.030937
0.030876
0.0330278
0.0309038
0.0299314
0.032186
0.0321083
0.0326172
0.0314654
0.0321294
0.0295888
0.0308394
0.0344131
0.0334986
0.0328628
0.0300702
0.0324583
0.0314132
0.0318732
0.0323792
0.0297471
0.0331992
0.0311828
0.0308489
0.0306601
0.0319373
0.0314161
0.0295466
0.030972
0.029633
0.0312474
0.0324542
0.0326367
0.0344809
0.0314256
0.0338679
0.0314893
0.0323051
0.0291283
0.0316785
0.0300316
0.0305314
0.0297849
0.0300443
0.032234
0.0328675
0.0336239
0.030525
0.0307773
0.0310225
0.0323385
0.0300381
0.0311232
0.0301039
0.0331423
0.0298953
0.0328574
0.0298148
0.0308302
0.0318386
0.0303313
0.0289953
0.0311549
0.0316091
0.0329659
0.0310065
0.0322043
0.0306619
0.0338202
0.0314822
0.0307434
0.0308441
0.0313399
0.0306118
0.0312767
0.0333536
0.0306157
0.0304447
0.0301076
0.0328493
0.031631
0.0313595
0.035042
0.0302702
0.0316619
0.032556
0.0308869
0.0319752
0.0317754
0.0301851
0.0322465
0.0288216
0.0321983
0.0334202
0.0304202
0.0307939
0.0327306
0.0329756
0.0305085
0.0324635
0.030891
0.031957
0.0319297
0.0304396
0.0317344
0.0305726
0.0304303
0.0315994
0.0325566
0.0318377
0.0322921
0.0314835
0.0324129
0.031998
0.0336693
0.0307214
0.0316538
0.0311244
0.0310414
0.0313437
0.0309389
0.032411
0.0304823
0.0310286
0.034251
0.0323578
0.0319549
0.0290741
0.0339621
0.0331257
0.0316853
0.031593
0.0311729
0.0338964
0.030975
0.0324376
0.0323441
0.0303454
0.0306582
0.0317433
0.0320248
0.0322955
0.0319733
0.0343119
0.0316726
0.0329505
0.0306834
0.0325839
0.0298388
0.0324951
0.0340335
0.0313533
0.0295258
0.0323286
0.0326552
0.0306607
0.0328322
0.0333667
0.030642
0.0325161
0.0282025
0.0303659
0.0332266
0.0326809
0.033514
0.0296398
0.0309353
0.0326311
0.0303939
0.0307118
0.0334587
0.0317547
0.0306259
0.0311034
0.0334492
0.0307731
0.0329201
0.0301474
0.0304786
0.0310078
0.0332393
0.0284846
0.0319071
0.0323305
0.0325024
0.0329975
0.0343292
0.0314297
0.0308466
0.031141
0.0339235
0.0302477
0.0311654
0.0293658
0.0313706
0.0304992
0.0325877
0.0310913
0.032979
0.029138
0.0304926
0.0328329
0.0310305
0.0290469
0.0307011
0.0301604
0.0320566
0.029322
0.03082
0.0327782
0.0290034
0.0316147
0.0302865
0.0330888
0.0322155
0.0300359
0.0335382
0.0304035
0.0299012
0.0318889
0.0300591
0.0327003
0.0313876
0.0314081
0.0294049
0.0288675
0.0341715
0.0322279
0.0336927
0.0309756
0.031293
0.0284543
0.0326984
0.0327019
0.0318024
0.0315931
0.0339199
0.0297709
0.0325037
0.0312059
0.0327081
0.0295483
0.0307546
0.0321776
0.0307574
0.0307425
0.0324563
0.0330977
0.032429
0.0344225
0.0287469
0.0314641
0.0339262
0.0336308
0.033759
0.0320777
0.029099
0.0302748
0.032378
0.0306042
0.0316849
0.0298929
0.0318731
0.0324559
0.0323478
0.0329879
0.0316315
0.0334876
0.0322487
0.0340685
0.0303972
0.0319575
0.0334455
0.0335274
0.031532
0.0323833
0.0351426
0.0319587
0.0294557
0.0321759
0.033299
0.0337894
0.0321672
0.0315994
0.0307567
0.0324636
0.0329951
0.0322632
0.031865
0.0297289
0.0311316
0.0308056
0.0302468
0.0291076
0.0292602
0.0320119
0.0308706
0.0329569
0.02979
0.0299415
0.0332282
0.0312941
0.03333
0.0304976
0.0291784
0.0293198
0.0309871
0.0315563
0.0312508
0.0311591
0.0319844
0.0301237
0.0306296
0.0306368
0.0313382
0.0312302
0.0327784
0.0322197
0.0306958
0.0303731
0.0312036
0.0313053
0.0342551
0.0312748
0.0290826
0.0317556
0.0321904
0.0310052
0.0322864
0.0312513
0.0303584
0.0297018
0.0322572
0.0322104
0.0324016
0.0307144
0.0333668
0.0320766
0.0320253
0.031907
0.0298086
0.0316413
0.0314384
0.0321788
0.0311348
0.0293625
0.031802
0.0340989
0.0304936
0.0336557
0.0316064
0.0309233
0.0292342
0.0298532
0.0331341
0.0322962
0.0298352
0.0312602
0.0316831
0.0330958
0.034865
0.034013
0.03367
0.0327752
0.0334707
0.0317945
0.0320301
0.0328598
0.0306759
0.0315953
0.0326799
0.033537
0.0296408
0.0294763
0.0309085
0.0325584
0.0325174
0.0312629
0.0317329
0.0290532
0.0304649
0.0315518
0.0323675
0.0315149
0.0294326
0.0319062
0.0312514
0.0319064
0.0320132
0.031992
0.0310182
0.0337347
0.0300995
0.0299197
0.0329425
0.031928
0.0298952
0.0308297
0.0308214
0.030165
0.0315377
0.031583
0.0311382
0.0319401
0.0307208
0.0292801
0.0309066
0.0298364
0.0294623
0.029819
0.0337666
0.0292924
0.0315478
0.0319343
0.0314119
0.0308664
0.0318984
0.0298247
0.0311575
0.0316469
0.032127
0.0311224
0.0331142
0.032941
0.0341191
0.0336915
0.0326892
0.0321944
0.0300284
0.0329616
0.0317292
0.0317122
0.0287148
0.03081
0.0314377
0.0322916
0.0294373
0.0289011
0.0299151
0.0314956
0.031099
0.0335194
0.0303151
0.032812
0.0300153
0.0325705
0.0312444
0.0334153
0.0324337
0.0310207
0.0310808
0.0301681
0.0316744
0.031182
0.0325047
0.0307756
0.0317578
0.0329982
0.0296459
0.0325691
0.0298283
0.0306522
0.0306298
0.0332895
0.0324668
0.0294732
0.0324301
0.0301498
0.0303808
0.030218
0.0312099
0.0318513
0.0339594
0.0302759
0.0276363
0.0318863
0.0337552
0.0297072
0.0322987
0.0336827
0.0332852
0.0313701
0.0321602
0.0309808
0.0298702
0.031952
0.0298844
0.0323207
0.029411
0.0306743
0.0287099
0.0308883
0.0332986
0.0341119
0.0327146
0.0321214
0.0302725
0.0325324
0.029868
0.0328974
0.0325936
0.0335807
0.0306702
0.031788
0.0318307
0.0331914
0.0317599
0.0304747
0.0321547
0.0319898
0.0343264
0.0332957
0.0324114
0.0321106
0.0315498
0.0337869
0.0337926
0.0327583
0.0313804
0.0323679
0.0317696
0.0303426
0.0314727
0.0303615
0.0316516
0.0327818
0.0293308
0.0306157
0.0335503
0.0325439
0.0329273
0.0326362
0.0326098
0.0310459
0.0315454
0.0325112
0.0298712
0.030899
0.0325715
0.0298737
0.0318408
0.0329822
0.031852
0.0313911
0.0309619
0.0316069
0.029846
0.0329496
0.0292078
0.0306322
0.0336189
0.0316876
0.0314111
0.030727
0.0309739
0.0298128
0.0308057
0.0335383
0.030708
0.0321988
0.033052
0.0324311
0.032574
0.0303033
0.0317914
0.031771
0.0326638
0.030739
0.0305706
0.0312251
0.0310118
0.0294009
0.0298856
0.031272
0.0308166
0.0293928
0.0328135
0.0306499
0.032324
0.0341701
0.0359034
0.032644
0.0326178
0.0318858
0.0302758
0.0331312
0.0322299
0.0296467
0.0340559
0.03224
0.0315108
0.033029
0.0314807
0.0313227
0.0319337
0.0303479
0.0336402
0.0307777
0.0323758
0.0339827
0.0303509
0.0337848
0.0325279
0.0316154
0.0312719
0.0336116
0.033323
0.0318676
0.0326748
0.0326589
0.0309618
0.0329581
0.031346
0.0315314
0.0299607
0.0304998
0.0311379
0.0288575
0.0313129
0.0333363
0.031248
0.031665
0.0310395
0.0291301
0.0332808
0.0294744
0.0296189
0.0304997
0.0330779
0.0305484
0.0304447
0.030485
0.0311402
0.0310425
0.0325078
0.030728
0.02974
0.0293837
0.0300251
0.0321837
0.0327186
0.0308801
0.032947
0.0324988
0.0334323
0.0328149
0.0299156
0.0303105
0.0314785
0.0314191
0.0309218
0.0331902
0.0327188
0.02984
0.0331833
0.0311086
0.0311923
0.0330265
0.0314873
0.0323644
0.0330426
0.0309045
0.0316861
0.0324107
0.0297672
0.030262
0.0310921
0.0332853
0.0311563
0.0285634
0.0309895
0.0325667
0.0336987
0.0330331
0.034731
0.0322234
0.0292546
0.030863
0.0293929
0.0321366
0.0327854
0.030781
0.0327566
0.0311144
0.0333066
0.030612
0.0309329
0.032655
0.0310122
0.0302812
0.0341238
0.0313086
0.0342733
0.0304468
0.028038
0.0310681
0.0326122
0.0309986
0.0305634
0.0312699
0.0331094
0.0294874
0.0331455
0.0312189
0.030954
0.0296705
0.0312636
0.0298437
0.0315295
0.0328092
0.0303519
0.0333266
0.0316767
0.0317391
0.0295933
0.0330799
0.0302166
0.0299654
0.0320169
0.0303409
0.0315384
0.0308804
0.0322306
0.0313658
0.0306784
0.0298659
0.0315809
0.031473
0.0321884
0.0306734
0.0311489
0.0324325
0.031036
0.0312092
0.0309211
0.0329478
0.033951
0.0288696
0.0329702
0.0288271
0.030069
0.0307595
0.03018
0.0328931
0.0297258
0.0290759
0.0302588
0.0305042
0.0312741
0.0300554
0.0323075
0.0288057
0.0309874
0.032555
0.030785
0.0300476
0.031519
0.0310479
0.031704
0.0331061
0.030801
0.0354806
0.0325398
0.0357316
0.0353934
0.0340904
0.0302639
0.0312379
0.0325624
0.0300722
0.0341024
0.0342537
0.0283456
0.0333225
0.0320921
0.0315474
0.02976
0.0291816
0.0303744
0.032944
0.0314662
0.0310181
0.0335403
0.0307974
0.0310698
0.0321708
0.0318791
0.0319852
0.0306469
0.0321613
0.0305876
0.0294202
0.0318846
0.0320656
0.0333345
0.0325397
0.0311215
0.0333548
0.0335625
0.0285552
0.0312701
0.0326357
0.0325676
0.0314342
0.0311339
0.0327888
0.0314431
0.0330608
0.0302531
0.0318711
0.0339664
0.031067
0.0338906
0.0318117
0.0320282
0.0306124
0.0290818
0.0304674
0.0344463
0.0304299
0.0307406
0.0308371
0.0322197
0.0317931
0.0322908
0.0320655
0.0318696
0.030625
0.0281156
0.0332663
0.0321251
0.0294233
0.0331074
0.0317524
0.0340001
0.0312447
0.0320776
0.0321585
0.030285
0.0310216
0.0317135
0.0330262
0.0281018
0.0342805
0.0329112
0.0339413
0.0305945
0.0309337
0.0310622
0.0333064
0.0319729
0.0303955
0.0324296
0.0308236
0.0311578
0.0320071
0.0313526
0.0331009
0.0340961
0.0326024
0.0311389
0.0318816
0.033437
0.0291999
0.0327624
0.0325183
0.0311717
0.0331938
0.031365
0.0311801
0.0330666
0.0327342
0.0326185
0.033557
0.0349841
0.0318488
0.0293567
0.0316
0.032364
0.0336822
0.0310485
0.030806
0.0309013
0.0307277
0.0337321
0.0331871
0.033691
0.0299554
0.0322637
0.0286851
0.0290403
0.0317655
0.0325421
0.0338894
0.0322614
0.0315412
0.0279426
0.0309371
0.0323735
0.02938
0.0333265
0.0309981
0.0314136
0.0325024
0.030663
0.029363
0.0324395
0.0285797
0.0304708
0.0324272
0.0307529
0.0303748
0.0318391
0.0317131
0.0294954
0.0328944
0.034494
0.0291765
0.0331889
0.0319083
0.0288548
0.0308392
0.0302455
0.0324275
0.0305955
0.0324153
0.0301988
0.0308874
0.0305312
0.033601
0.0297729
0.0309762
0.0321841
0.0337823
0.0311972
0.032923
0.0313014
0.0320135
0.0300213
0.030948
0.0337018
0.0306196
0.0311092
0.0343755
0.0308623
0.0318044
0.0343632
0.0305004
0.0330259
0.0360056
0.0333485
0.033462
0.0323726
0.0306312
0.0304598
0.0309078
0.0339536
0.0317643
0.0280984
0.0305211
0.0327103
0.0318508
0.0306933
0.0313919
0.0335093
0.0317287
0.0304721
0.0326494
0.031072
0.0292752
0.0298097
0.0306382
0.0335849
0.0324094
0.0339188
0.0305971
0.0302055
0.0316377
0.0304942
0.029491
0.0301504
0.0330607
0.0333764
0.0307794
0.0299367
0.0337817
0.0308806
0.034135
0.0332042
0.0305074
0.0307256
0.0333823
0.030403
0.0329445
0.0341923
0.0330798
0.0315508
0.0305248
0.0303049
0.0326307
0.0311215
0.0322058
0.0293667
0.0315387
0.0310383
0.0321262
0.0297832
0.0300096
0.0327355
0.0304496
0.0318872
0.0329259
0.0320205
0.0313509
0.0307476
0.030182
0.0298191
0.031916
0.0325902
0.0326899
0.0327212
0.0304689
0.0313756
0.0305973
0.0307718
0.0310759
0.0306989
0.032474
0.030461
0.0339125
0.0329725
0.0323799
0.0332759
0.0341092
0.0308582
0.0317102
0.0304422
0.0301513
0.0330184
0.0334059
0.030118
0.0300061
0.0313008
0.031339
0.0323302
0.0328401
0.0297179
0.0331472
0.0307959
0.0328197
0.0300236
0.0307216
0.0332148
0.0302973
0.0309431
0.0310762
0.0314154
0.0327558
0.0316513
0.0322419
0.0312754
0.0350256
0.0326214
0.0318282
0.0334169
0.0341438
0.0303634
0.0317156
0.0303281
0.0318751
0.030516
0.0313511
0.033883
0.032095
0.0303868
0.030721
0.0299203
0.0332034
0.0320649
0.0339748
0.0316686
0.0319436
0.0325297
0.0312336
0.0340687
0.0312886
0.0301085
0.0302706
0.029745
0.0305123
0.0320332
0.0299701
0.0319629
0.0334404
0.0296567
0.032044
0.0356611
0.0310085
0.03046
0.0343056
0.0313154
0.0296985
0.0311333
0.0326371
0.0313456
0.0325992
0.0310486
0.0303494
0.033686
0.0321346
0.0325548
0.0329015
0.0317997
0.0318017
0.0311088
0.0307232
0.0336705
0.0322755
0.0329622
0.0338659
0.0315212
0.0311477
0.0342063
0.0337083
0.0340392
0.0316758
0.0308329
0.031681
0.0310634
0.0324606
0.0294949
0.0324584
0.0311513
0.0321062
0.0314083
0.0317101
0.0298433
0.0307204
0.0329904
0.0288177
0.031079
0.0335372
0.0349129
0.0319805
0.0319636
0.0316986
0.0311792
0.0293358
0.0319677
0.0321349
0.0314081
0.0296945
0.0280891
0.032359
0.028641
0.0322989
0.0332789
0.032932
0.0312911
0.0286188
0.0317348
0.0335202
0.0280725
0.0297394
0.0329507
0.0323336
0.0320095
0.0303901
0.0309333
0.0318167
0.0317732
0.0278587
0.0327559
0.0305004
0.0337398
0.0350301
0.02961
0.0339502
0.030712
0.0311916
0.0308686
0.0308429
0.0321018
0.033515
0.0304014
0.0297655
0.0294423
0.0293055
0.0288342
0.0318436
0.0310115
0.0308604
0.0332317
0.0325422
0.0329844
0.0345002
0.032605
0.0323282
0.0338211
0.0312131
0.0308247
0.0324594
0.0329037
0.0306563
0.0320287
0.0308485
0.0300919
0.0304717
0.0328266
0.0329485
0.0316645
0.0308122
0.0293503
0.0324859
0.0319658
0.0302022
0.0325387
0.0318962
0.0315232
0.0313803
0.0311815
0.0324779
0.0305492
0.0323557
0.0309962
0.0327548
0.0326261
0.0304378
0.0323751
0.0314495
0.0300905
0.0328362
0.030634
0.0332239
0.032148
0.0298524
0.0305011
0.0312698
0.0320991
0.0307255
0.0309488
0.033193
0.0312785
0.0309409
0.0324224
0.0310731
0.0335215
0.0301699
0.0324495
0.0344162
0.0281656
0.0333298
0.0317924
0.0313249
0.0329292
0.0299476
0.0314682
0.0301237
0.0324577
0.0292907
0.032339
0.0307299
0.0304957
0.0325235
0.0299131
0.030531
0.0309714
0.0327493
0.0320781
0.0290707
0.033242
0.032417
0.0316469
0.0322852
0.0326181
0.0326648
0.0351934
0.0316784
0.0294506
0.0346938
0.0329455
0.0332725
0.030798
0.0327971
0.0324164
0.0324689
0.0315419
0.0335339
0.0331631
0.0306417
0.0321123
0.030835
0.0327667
0.0322879
0.0313921
0.0308878
0.031065
0.0341965
0.0287621
0.0313865
0.0311098
0.0315605
0.0308627
0.0346441
0.0325398
0.0308856
0.0288546
0.0325341
0.0337835
0.030087
0.0315599
0.0320803
0.0318451
0.0297786
0.0318845
0.0331497
0.0322264
0.0308797
0.0318697
0.0321333
0.0320559
0.0307964
0.0295507
0.0307773
0.0335905
0.0332384
0.0312725
0.0316072
0.0309033
0.0323339
0.0319721
0.0321698
0.0325533
0.0309805
0.0321105
0.0309741
0.0288485
0.0348221
0.0302889
0.0322486
0.0314663
0.0317401
0.0312848
0.0323274
0.0312712
0.0307256
0.0302398
0.0307032
0.0298373
0.0320449
0.0326271
0.0339258
0.0315094
0.0306592
0.0315983
0.0313048
0.0291325
0.0347479
0.030224
0.0301886
0.0293986
0.0338292
0.0340239
0.0307968
0.0302224
0.0307679
0.0315933
0.0307933
0.0339747
0.0340115
0.0327466
0.030215
0.0296884
0.0296999
0.0289267
0.0299065
0.0326762
0.0314041
0.0325133
0.0327358
0.0314803
0.0325571
0.033403
0.0332489
0.0331074
0.0336467
0.0324276
0.0304817
0.0313449
0.0297921
0.0337638
0.0314064
0.0303118
0.0313708
0.0321223
0.0309938
0.0282556
0.0319568
0.0325894
0.0319173
0.0301248
0.0336041
0.0315026
0.033109
0.0284896
0.0341391
0.0327874
0.0323954
0.0293918
0.0315489
0.0313197
0.0316664
0.0296902
0.0337779
0.0313769
0.0318019
0.028808
0.0303454
0.0313073
0.0309265
0.0314416
0.0305975
0.0323196
0.0328932
0.0318023
0.0319529
0.031066
0.0328526
0.032417
0.0301127
0.0315048
0.0307393
0.0326221
0.032201
0.0311717
0.0320397
0.0305577
0.0324786
0.0306841
0.0305146
0.0304811
0.0297739
0.0313352
0.0291268
0.033827
0.034893
0.0307822
0.0320377
0.0309426
0.0302251
0.0336153
0.0308293
0.0295333
0.0305082
0.0295806
0.0331789
0.0282893
0.0326364
0.0299991
0.0325301
0.0309198
0.0293046
0.0322843
0.0305707
0.0321569
0.0321819
0.0329599
0.0335356
0.0290099
0.0294113
0.0328415
0.0321734
0.0322135
0.0322813
0.0318219
0.0324905
0.0328993
0.0316774
0.0325509
0.0307497
0.0348302
0.0306899
0.0320631
0.0320637
0.0329012
0.030909
0.0303776
0.0320015
0.0320587
0.0340485
0.030207
0.033269
0.0319947
0.0325892
0.0326741
0.0321517
0.03338
0.0318375
0.0293402
0.0321943
0.0305694
0.0322852
0.0284687
0.0310231
0.0337398
0.0323002
0.0323453
0.0303944
0.030783
0.0329283
0.0338514
0.0342601
0.0311943
0.0331216
0.0317437
0.0327898
0.0318806
0.0316514
0.0308621
0.03001
0.0336774
0.0330226
0.0315755
0.0341875
0.0292124
0.0312372
0.0296187
0.0308616
0.0331358
0.0299634
0.0306127
0.0335812
0.0305589
0.0330024
0.0331208
0.032583
0.0302176
0.0321626
0.0332684
0.0315478
0.0287062
0.0312713
0.0323078
0.0331704
0.03316
0.0308385
0.0295024
0.0318923
0.0337777
0.0318847
0.0302673
0.0338674
0.0309895
0.0329858
0.0312377
0.0306104
0.0294747
0.0304678
0.0327052
0.0302648
0.0290533
0.0308777
0.0309439
0.0340519
0.032317
0.0314971
0.0329585
0.0326311
0.0318264
0.0299645
0.0318767
0.0330356
0.0302852
0.0330193
0.0329661
0.0329203
0.0312396
0.0322236
0.0291418
0.0308948
0.0321327
0.0311548
0.0326708
0.031623
0.0302685
0.0334848
0.028133
0.0351258
0.0322514
0.0314313
0.033336
0.0329561
0.032268
0.0327628
0.0312993
0.0349331
0.031929
0.0313886
0.03207
0.0303054
0.0307776
0.0315787
0.0317625
0.0338328
0.0322793
0.0310659
0.0302161
0.0344367
0.0308482
0.0308309
0.033307
0.032273
0.0338454
0.0327378
0.0287915
0.0330305
0.0330905
0.0336173
0.0321304
0.0301446
0.0326535
0.0329032
0.03209
0.0322966
0.0308287
0.0328282
0.0334603
0.03209
0.0328245
0.0318342
0.0339775
0.0324213
0.0318619
0.0329935
0.0327594
0.0325677
0.0313888
0.0329861
0.0305818
0.0325972
0.0307254
0.0329149
0.0346581
0.030911
0.0306676
0.0305231
0.0311871
0.0307505
0.0301587
0.0311469
0.0336293
0.0306712
0.0292464
0.0302959
0.0327999
0.0314704
0.0315311
0.0316816
0.033214
0.0315356
0.0312452
0.0298981
0.0350634
0.0339395
0.0322739
0.0345631
0.0328243
0.030068
0.0290645
0.0315755
0.0301552
0.0335764
0.0290409
0.0318097
0.0299432
0.0303001
0.0336827
0.0324907
0.0327194
0.0311557
0.0335615
0.032597
0.0306969
0.0314181
0.0300809
0.0336848
0.0319821
0.0341953
0.0330443
0.0319161
0.0336783
0.0313104
0.0324967
0.0294635
0.0331782
0.033989
0.0312982
0.0314967
0.0318021
0.0315377
0.0310657
0.0307751
0.0344825
0.033467
0.0306289
0.0307538
0.0332993
0.031098
0.0337628
0.0318746
0.031692
0.0314519
0.0319658
0.0287781
0.0308393
0.0335176
0.0319813
0.0310096
0.0311602
0.0304157
0.0306259
0.0327758
0.0318064
0.0309673
0.0290759
0.0298801
0.0305154
0.0302766
0.0321928
0.0304221
0.0314812
0.0284704
0.0308737
0.0327917
0.0317149
0.0331291
0.0319429
0.030886
0.0327127
0.0317458
0.0308164
0.0280536
0.0297484
0.0324494
0.0321181
0.0315424
0.0327077
0.0311884
0.0317119
0.0317937
0.0316588
0.0327973
0.0335688
0.031528
0.0324688
0.0306624
0.0323441
0.0306185
0.0311078
0.0298546
0.0329503
0.0281554
0.0306322
0.0307734
0.0317131
0.0315038
0.031129
0.0304417
0.0315637
0.0289397
0.0299648
0.0309871
0.029947
0.0309555
0.0321513
0.0317308
0.0312739
0.0313728
0.0330475
0.0323889
0.0317296
0.0314503
0.0314437
0.0300323
0.0340022
0.0317055
0.0294813
0.0305689
0.0303347
0.0335743
0.0290753
0.0323346
0.0320847
0.0307525
0.0321217
0.0324874
0.0329725
0.0305877
0.031226
0.0340286
0.0339143
0.0317702
0.030191
0.0309368
0.0327994
0.031251
0.0334348
0.0315246
0.033771
0.0339601
0.0320404
0.0309509
0.0318722
0.0311922
0.0315364
0.0294143
0.0325163
0.0316588
0.0309503
0.031366
0.0355891
0.0330927
0.0300837
0.0316901
0.0317271
0.0322999
0.0284359
0.0312366
0.0305032
0.0342514
0.0305372
0.0315886
0.0292181
0.0339412
0.0306017
0.0307543
0.0318086
0.0306539
0.031096
0.0307713
0.0294415
0.0319125
0.0306086
0.0325616
0.0301957
0.0324918
0.0324219
0.0317611
0.0318359
0.0326291
0.0309286
0.0329641
0.0322539
0.0317399
0.0291836
0.0306303
0.0323674
0.0284165
0.0317369
0.0303968
0.0317649
0.035692
0.0299307
0.0307541
0.0305864
0.033675
0.0336485
0.0308511
0.031015
0.0329082
0.0332578
0.030552
0.0316759
0.0342716
0.0337454
0.03449
0.0328848
0.0327584
0.0319529
0.0301946
0.0312466
0.0333126
0.0317912
0.0302115
0.029934
0.0288446
0.0317958
0.0314172
0.0313809
0.0298935
0.029627
0.0304026
0.0315468
0.0290389
0.0306512
0.0318395
0.0320982
0.0320077
0.0308292
0.0333293
0.0314625
0.0342098
0.0292894
0.0315411
0.0306156
0.0320867
0.0307537
0.0295158
0.0326141
0.0304568
0.0337671
0.0338746
0.0292797
0.0298768
0.0334616
0.0322477
0.0316804
0.0310122
0.0311915
0.0318121
0.0282506
0.0320317
0.0316766
0.0311376
0.0317283
0.0320601
0.0308257
0.0312556
0.0303282
0.0316964
0.0311861
0.0313711
0.0333853
0.0300093
0.0322193
0.0322794
0.0313063
0.0312626
0.0332863
0.0306192
0.0303763
0.0305198
0.0341785
0.0319109
0.0305134
0.0325163
0.031832
0.0323172
0.0310394
0.0297633
0.0308674
0.0295357
0.0331657
0.0312514
0.0328174
0.0348689
0.0348378
0.0292457
0.0296248
0.0297051
0.0319769
0.0319216
0.0328373
0.0315076
0.031948
0.0331623
0.0310354
0.0320025
0.0289914
0.0310911
0.0300804
0.0338434
0.0323921
0.0287
0.0310757
0.0294381
0.0292484
0.0297599
0.0330566
0.0336187
0.0310004
0.0308865
0.029717
0.0297617
0.030778
0.0295216
0.0315111
0.0286418
0.0311592
0.0307545
0.030509
0.0307753
0.0322317
0.0343324
0.0303042
0.032127
0.03088
0.0326189
0.0328455
0.0294673
0.0288874
0.0317179
0.0294508
0.029291
0.0304119
0.0301188
0.0327164
0.0305752
0.0303116
0.0321304
0.0325596
0.0337754
0.0293
0.0322726
0.0302319
0.0324605
0.0310605
0.0313942
0.0322896
0.0296696
0.0302627
0.0292393
0.0348452
0.0328256
0.0317752
0.0315489
0.0317391
0.031584
0.0311706
0.0341811
0.0313088
0.0285893
0.0300729
0.0319712
0.0309024
0.0292422
0.0298457
0.0311811
0.0323188
0.032089
0.0307735
0.0327235
0.03192
0.032475
0.032402
0.0307488
0.0330217
0.0304709
0.0290613
0.0298261
0.0333002
0.0298651
0.0303442
0.0301903
0.0317964
0.0295548
0.0329815
0.0313681
0.0324851
0.0324324
0.0320303
0.0311448
0.0289687
0.0314114
0.0319847
0.032855
0.0342269
0.0349358
0.032311
0.0331407
0.0329522
0.0297952
0.0343475
0.0321415
0.0305917
0.0297511
0.0322424
0.0311893
0.0300132
0.0302071
0.0310376
0.0303139
0.0322488
0.0293702
0.0298542
0.0324629
0.0310968
0.0306986
0.032773
0.030902
0.0348268
0.0309582
0.0327662
0.0309182
0.0303918
0.033509
0.0314576
0.0292717
0.0300848
0.0297645
0.0313527
0.0338748
0.0305187
0.0310205
0.0307373
0.0317665
0.0316516
0.0330225
0.0326561
0.0313931
0.0312191
0.0297439
0.0323904
0.0307479
0.0311401
0.0304231
0.0339791
0.033471
0.0292433
0.0340875
0.0302721
0.0317418
0.0298711
0.0325748
0.0314914
0.029052
0.0293055
0.0310509
0.03122
0.0288176
0.0309218
0.0311465
0.0327752
0.0327204
0.0328128
0.0325877
0.0308809
0.0312103
0.0297285
0.0302938
0.0316274
0.0332368
0.0329323
0.0328699
0.0334803
0.0324893
0.0328991
0.0336165
0.0310594
0.0331267
0.0311997
0.0310869
0.0328546
0.0319152
0.0300146
0.0319764
0.031397
0.0332431
0.033389
0.0314749
0.0328841
0.0313058
0.0304138
0.0317661
0.030198
0.0310328
0.0303107
0.0312995
0.0296566
0.0324043
0.0321087
0.0322135
0.031921
0.0317847
0.0321781
0.0309637
0.0335097
0.0307465
0.0319932
0.0326809
0.0312319
0.0327013
0.0317233
0.0344349
0.0317865
0.0343585
0.0342552
0.0289967
0.0292623
0.0321193
0.0297711
0.0334913
0.0339923
0.0326137
0.0325374
0.0308928
0.0316263
0.032914
0.0315236
0.0305759
0.0325196
0.0319785
0.0317505
0.0311642
0.0294397
0.0294423
0.0298877
0.0310051
0.0310998
0.0303141
0.0314706
0.0302272
0.0330069
0.0304833
0.0317436
0.0284727
0.0306837
0.0339084
0.0312185
0.0317121
0.0320874
0.0324264
0.0350966
0.0336486
0.0330637
0.0308995
0.0298265
0.0306018
0.032862
0.0290976
0.030825
0.0297828
0.0302395
0.0310789
0.0318714
0.030478
0.0331073
0.0310662
0.0316484
0.0321191
0.0316333
0.0301623
0.0342313
0.0296431
0.03145
0.0318751
0.0312798
0.0326198
0.0327356
0.0338098
0.0339617
0.0330107
0.0314231
0.0320528
0.0306653
0.0309098
0.0337022
0.0306463
0.0318147
0.0329576
0.0336243
0.0307592
0.0332812
0.0312979
0.0322951
0.030059
0.0310989
0.0318611
0.0288677
0.0303876
0.0304449
0.0317038
0.032193
0.0310605
0.0359432
0.0309421
0.0321725
0.030236
0.0297567
0.0310273
0.0333116
0.0318164
0.0302571
0.0326736
0.030702
0.0312018
0.0316379
0.031742
0.0314352
0.0313155
0.0307838
0.0289446
0.0331216
0.0325656
0.0308223
0.0321953
0.0320408
0.0300921
0.0306627
0.0293463
0.0304732
0.0314879
0.0322526
0.0302873
0.0307103
0.0318608
0.0310721
0.0312565
0.0314414
0.0282292
0.0326583
0.0286335
0.0299585
0.0335918
0.0326303
0.031602
0.0305704
0.0321357
0.0305527
0.0321677
0.0342673
0.0290877
0.0309573
0.0331441
0.0326084
0.0330868
0.0306278
0.0314597
0.0321999
0.0307084
0.030235
0.0321121
0.0311054
0.032121
0.0305003
0.0328869
0.0304728
0.0302789
0.0292626
0.0304725
0.0305676
0.0323962
0.0309221
0.0309167
0.0312223
0.0330399
0.0306947
0.0323968
0.0291813
0.0306778
0.0311153
0.0303803
0.030236
0.0326784
0.0311232
0.0319982
0.0303605
0.0319935
0.0312741
0.0306979
0.0307652
0.0307586
0.0296678
0.0350358
0.0318199
0.031445
0.0304495
0.0310671
0.0332072
0.0323143
0.0313015
0.0299871
0.0304371
0.0313183
0.0329306
0.0340351
0.0310119
0.032053
0.031317
0.0286239
0.0339005
0.0326869
0.0355549
0.0297865
0.0324669
0.0323626
0.0310483
0.0314136
0.0322402
0.031137
0.0326778
0.0314896
0.0322915
0.0296718
0.0309791
0.0328835
0.033269
0.0338423
0.0290751
0.0290489
0.0296288
0.031302
0.0319069
0.0295631
0.0330304
0.0310945
0.0311792
0.0323009
0.0313055
0.031046
0.0320525
0.0319173
0.0353366
0.0303542
0.0340098
0.0331059
0.0311433
0.0319916
0.0312062
0.0320305
0.0318815
0.0337467
0.031476
0.0352255
0.030805
0.033155
0.0303522
0.0309174
0.0320511
0.0336479
0.0292603
0.0333752
0.030682
0.0301275
0.030662
0.0318247
0.0341326
0.0319036
0.0317213
0.0318194
0.0312793
0.0312623
0.0317828
0.0322189
0.0325519
0.0314963
0.0321812
0.0313545
0.0330366
0.0315936
0.0308123
0.0291674
0.0320332
0.0300526
0.031082
0.0322933
0.0325935
0.0308091
0.0331269
0.0329169
0.030668
0.0312029
0.0330168
0.032704
0.0316731
0.0323124
0.0297085
0.0305759
0.032305
0.0324529
0.031925
0.0316014
0.0303742
0.0299748
0.0333109
0.0310944
0.0337197
0.0312061
0.0317274
0.0345508
0.0327108
0.032679
0.0343492
0.0317925
0.0312781
0.0319678
0.0332275
0.0309847
0.0342106
0.0296626
0.0310577
0.0314965
0.0346276
0.0317854
0.0304663
0.0315589
0.0333856
0.0311144
0.0321715
0.0328118
0.0293708
0.0319485
0.032958
0.0332147
0.0339732
0.0328462
0.0315128
0.0317207
0.0293485
0.0299978
0.0292083
0.0329571
0.0306583
0.0316125
0.0325713
0.0309922
0.0321597
0.0311836
0.0329962
0.0290876
0.033061
0.0325142
0.0305074
0.032306
0.0321904
0.0341656
0.0332341
0.0308792
0.0287957
0.0321897
0.0309021
0.031308
0.0288717
0.0308851
0.0298057
0.033721
0.0318107
0.0288525
0.0285441
0.0321151
0.0321181
0.0342322
0.0293284
0.034937
0.0306614
0.0308876
0.034964
0.029458
0.0301248
0.0329817
0.031891
0.0316875
0.0316702
0.0303462
0.0333961
0.0320154
0.0305283
0.0307688
0.031889
0.0322261
0.0317827
0.0324949
0.0300208
0.0323667
0.033287
0.0327609
0.0354133
0.0322381
0.0324028
0.0309631
0.0311187
0.0305304
0.0333726
0.0343419
0.0311424
0.0324926
0.0310073
0.0325705
0.0329505
0.0333535
0.0295703
0.0326939
0.0309393
0.0318478
0.0328516
0.0318455
0.0315737
0.0292092
0.0292916
0.0331556
0.0310344
0.0301147
0.0300286
0.0321046
0.0319992
0.0310661
0.030286
0.0324276
0.0333717
0.0317682
0.0323837
0.0336663
0.0295638
0.0308949
0.0294884
0.0339367
0.0327703
0.0304738
0.0311683
0.031609
0.0336566
0.0330296
0.0310293
0.0304895
0.0309748
0.0289917
0.0339204
0.0305021
0.0294021
0.0326382
0.0315455
0.0335683
0.0299453
0.0327122
0.0311913
0.0311027
0.0311921
0.0301557
0.0315738
0.0310915
0.0324713
0.0328348
0.0305428
0.0308823
0.0333063
0.0318316
0.0323253
0.0339213
0.0328152
0.0305802
0.0334982
0.0311929
0.0313885
0.034159
0.0305867
0.0307537
0.0333204
0.0307605
0.0335575
0.0314713
0.0314051
0.0314713
0.0351811
0.0291302
0.0324147
0.0313695
0.0316683
0.0308226
0.0316197
0.032893
0.0325615
0.0322093
0.0302902
0.0297467
0.0291109
0.0303074
0.0293013
0.0314572
0.0293421
0.033128
0.0314952
0.032899
0.0305249
0.0304387
0.0307651
0.033135
0.0316228
0.0301619
0.0315508
0.0328018
0.0301606
0.0308557
0.031691
0.0304999
0.0299597
0.0299444
0.0328745
0.0305418
0.0291665
0.0312049
0.031882
0.0300633
0.0318801
0.0295006
0.0299598
0.0305701
0.0329819
0.0319551
0.0296406
0.0323709
0.0342813
0.0309511
0.0316063
0.0354
0.0312786
0.0302782
0.0319379
0.0343278
0.0319384
0.028093
0.0302752
0.0317359
0.033808
0.0331311
0.033172
0.0308519
0.0322372
0.0308265
0.033176
0.0291984
0.0303204
0.0323558
0.0346692
0.0329591
0.0315358
0.0304259
0.0317013
0.0324135
0.0358838
0.033268
0.0334336
0.0331683
0.0294352
0.0328496
0.0324416
0.0319754
0.0321446
0.0297678
0.0311363
0.0343027
0.0308752
0.0330686
0.0337227
0.0323291
0.0299797
0.0302662
0.0322278
0.0303279
0.0320199
0.0307116
0.0347873
0.0310524
0.0311537
0.0303529
0.0321245
0.0316179
0.0309279
0.032035
0.0318555
0.0320852
0.0288882
0.0289626
0.0284359
0.0318401
0.0323989
0.0297514
0.0330087
0.0318913
0.0332131
0.032842
0.034881
0.0319019
0.0294957
0.0327412
0.0310871
0.0317206
0.0314355
0.0298596
0.0306049
0.0303019
0.0313338
0.0337178
0.029124
0.0299697
0.0315929
0.0314106
0.0307278
0.0285812
0.0292453
0.0304744
0.0304515
0.0312418
0.0326728
0.0318353
0.0303082
0.0324469
0.0316276
0.0335204
0.0320313
0.0299454
0.0326343
0.0323425
0.0313431
0.0317239
0.0322472
0.0321723
0.0321615
0.0299093
0.0321071
0.031437
0.0317797
0.0312801
0.0294515
0.0334031
0.0335166
0.0322418
0.0314535
0.0306284
0.0317259
0.0305751
0.032226
0.0309815
0.0299578
0.0324388
0.031882
0.0302666
0.0311623
0.0313833
0.032085
0.0301308
0.0334435
0.0325093
0.0308767
0.0340764
0.0303364
0.0308417
0.0342874
0.0321963
0.0319859
0.0333422
0.0304355
0.0308027
0.0328805
0.0309723
0.0329943
0.0338478
0.0325835
0.0303113
0.0297887
0.0314994
0.0286941
0.0308338
0.0329263
0.0326331
0.0302166
0.0320388
0.0311686
0.0319188
0.0336223
0.0333473
0.0305681
0.0311285
0.0308957
0.0334758
0.0279595
0.0327459
0.0310813
0.0313539
0.0320227
0.0329257
0.032656
0.0295534
0.0340453
0.0305147
0.0275166
0.032333
0.0299068
0.031145
0.0310458
0.0298431
0.0305215
0.0302516
0.0301407
0.0323074
0.0296431
0.0317456
0.0317416
0.0286473
0.0306376
0.0315384
0.0318221
0.0304678
0.0318364
0.0283222
0.0312751
0.0305394
0.0311604
0.0343656
0.03049
0.0304594
0.0344554
0.0328122
0.0328149
0.0299765
0.0310074
0.0297282
0.0308203
0.0312477
0.0305878
0.0332366
0.0322325
0.032508
0.030913
0.0312315
0.0307442
0.0330183
0.036205
0.0306282
0.0314575
0.0312578
0.0328207
0.0309048
0.0324109
0.0309471
0.0317942
0.0308363
0.0300203
0.0316454
0.032446
0.0316058
0.0296206
0.0333978
0.0328726
0.0324323
0.0307659
0.0323394
0.0332011
0.0310477
0.03118
0.0322768
0.0316406
0.0297168
0.033234
0.0315475
0.0309001
0.0305239
0.0313769
0.0305898
0.0315372
0.0321094
0.0331969
0.0295829
0.0320767
0.0326795
0.0320971
0.031163
0.0334181
0.0333867
0.0324006
0.0323764
0.0327937
0.032789
0.0327775
0.0297552
0.0299821
0.0318087
0.0320289
0.0304624
0.0294383
0.0342745
0.0299036
0.0323124
0.0302962
0.0318575
0.0300259
0.0323534
0.0326623
0.0327328
0.030173
0.0327102
0.0318278
0.0336847
0.0352547
0.0285677
0.0313772
0.0334157
0.0327655
0.0300024
0.0299121
0.0314655
0.0325295
0.0318774
0.0326525
0.0338198
0.0303626
0.0333058
0.0306428
0.034411
0.0312025
0.0314271
0.0325556
0.0321084
0.0307698
0.0329834
0.03039
0.028847
0.0311647
0.0306512
0.0295183
0.0315527
0.0312525
0.030781
0.03246
0.0342649
0.0340809
0.0313159
0.0325718
0.0329768
0.0315985
0.0321747
0.0332032
0.0332001
0.0325403
0.0344709
0.0312666
0.0326551
0.031258
0.0300606
0.0291148
0.032139
0.0328557
0.0311927
0.0359395
0.0317632
0.0319237
0.0304522
0.0328696
0.0312794
0.0319867
0.0324295
0.0308539
0.0315096
0.03152
0.0319781
0.0305044
0.0317113
0.0306299
0.0294346
0.0284537
0.0302859
0.0308593
0.0282122
0.0325431
0.0311031
0.0304221
0.0325632
0.0307581
0.0317029
0.0303639
0.0322239
0.0331948
0.0321162
0.0319667
0.0311817
0.0313398
0.0315368
0.0323174
0.0308978
0.0289871
0.0327733
0.0296382
0.0289825
0.0338798
0.029715
0.0324074
0.0339327
0.0335207
0.030688
0.0304061
0.0322281
0.0303003
0.0338589
0.0295207
0.0308011
0.0287901
0.0339009
0.0317374
0.0312014
0.0317841
0.0300289
0.0330956
0.029572
0.0329681
0.0327091
0.030638
0.0313268
0.0304543
0.0319188
0.0324647
0.0336104
0.0307475
0.0330405
0.0344168
0.0327432
0.0300255
0.0308821
0.032191
0.0298402
0.0325011
0.033483
0.0330698
0.0297133
0.032965
0.0309441
0.0312826
0.0303197
0.0292613
0.033801
0.0339736
0.0297112
0.0311361
0.0336753
0.031179
0.0293054
0.0312357
0.0340746
0.0329533
0.0322486
0.0327173
0.0298165
0.0312563
0.0305462
0.0302373
0.0322294
0.0288882
0.0310722
0.0301652
0.0312877
0.0302462
0.0315091
0.0291059
0.0307223
0.0320664
0.034324
0.0325019
0.0327679
0.0341121
0.0315459
0.0315162
0.0312467
0.0300564
0.035239
0.0306537
0.0321493
0.0300833
0.0313499
0.0310184
0.0299446
0.0324477
0.032532
0.0322783
0.0285377
0.0296897
0.0318936
0.0316155
0.0304134
0.0319047
0.0342535
0.0313732
0.0321934
0.0318463
0.033802
0.0303484
0.0313184
0.0326116
0.0281528
0.0332287
0.0310453
0.0298955
0.031485
0.0321579
0.0322143
0.034716
0.0296584
0.0319041
0.0315425
0.0316292
0.0311904
0.0304204
0.0314628
0.0291865
0.0296591
0.0280397
0.0308134
0.0307406
0.0326722
0.0328479
0.0297329
0.0302531
0.0313487
0.0331883
0.0323268
0.0317822
0.0323851
0.0302884
0.0315654
0.0309006
0.031044
0.0291938
0.0315581
0.0340313
0.0320902
0.0335567
0.0300654
0.0306085
0.0311065
0.0305713
0.027988
0.0302034
0.0335056
0.0321241
0.0284758
0.0343176
0.0319532
0.0312143
0.0305178
0.0294538
0.0307407
0.0328537
0.0316269
0.0314421
0.0315207
0.029732
0.031629
0.0310355
0.0312028
0.0326812
0.0309949
0.0311679
0.0313617
0.0306636
0.0321968
0.0326486
0.0299075
0.0303967
0.0324302
0.0307632
0.029735
0.0320675
0.0324349
0.0322915
0.0318174
0.0320119
0.0313778
0.0301282
0.0318538
0.0293418
0.0291061
0.0308894
0.0334706
0.0311385
0.0309378
0.0330989
0.0322321
0.0303752
0.0317122
0.0298823
0.0317215
0.0334864
0.0319491
0.0320636
0.030544
0.031835
0.0320111
0.0326697
0.0308514
0.0335363
0.0319818
0.0299323
0.0286306
0.031928
0.0307059
0.028826
0.0322373
0.0332382
0.0313017
0.0330336
0.0307821
0.0348746
0.0317179
0.0322918
0.0328649
0.0308099
0.0307093
0.0307472
0.0301841
0.0327644
0.0299002
0.0334655
0.0333998
0.0325045
0.0314458
0.0334762
0.0318549
0.0311434
0.0311863
0.0340403
0.0309592
0.0322961
0.0309082
0.0316276
0.0307773
0.031092
0.0324684
0.0325375
0.0335385
0.0314185
0.0303117
0.0292275
0.0319346
0.0336092
0.0320127
0.0326295
0.0288144
0.0304034
0.0316701
0.0296708
0.0321266
0.0318937
0.0313346
0.03338
0.033417
0.0317579
0.0326074
0.0316269
0.0328649
0.0313297
0.0329904
0.0305695
0.0298504
0.031518
0.0313384
0.0322292
0.0335903
0.0307824
0.0303421
0.0319367
0.0322453
0.0307607
0.0313777
0.0314005
0.030326
0.0345669
0.0320617
0.0319029
0.0321305
0.0300348
0.0338019
0.0315497
0.0346313
0.0304157
0.0327573
0.0328925
0.0296269
0.0321466
0.0306216
0.0320136
0.0315234
0.032588
0.0307721
0.0299017
0.0321791
0.0323509
0.0317654
0.0313913
0.0322708
0.0308478
0.0301463
0.0338276
0.0314856
0.0313483
0.0346896
0.030973
0.0315183
0.0311297
0.0337267
0.030472
0.0324396
0.0318141
0.0335929
0.0318343
0.029206
0.0325912
0.0296664
0.0295462
0.0324366
0.030898
0.0313348
0.0311075
0.0296947
0.0337007
0.0317934
0.0335861
0.0306841
0.0288062
0.0321083
0.0318166
0.0347214
0.0324221
0.0313114
0.0305987
0.0345122
0.0302311
0.0318012
0.0317229
0.0328495
0.0304089
0.0302881
0.0311716
0.031791
0.0319753
0.0310058
0.0320151
0.0301494
0.0291427
0.0319595
0.0309393
0.0304828
0.0313543
0.0297486
0.0319917
0.0318414
0.0301653
0.0311187
0.0317691
0.0331843
0.0348674
0.0321676
0.0292929
0.0317897
0.0311252
0.0337375
0.0328027
0.0322665
0.0333293
0.0307991
0.0314299
0.0312734
0.0310593
0.0303958
0.0303562
0.0290971
0.0323534
0.0305815
0.0319567
0.0304744
0.0323872
0.0317455
0.0318929
0.0294417
0.0286137
0.034084
0.0327689
0.0308501
0.0291822
0.0310161
0.0298115
0.0302948
0.0307583
0.0314547
0.0305126
0.0331287
0.0301973
0.030896
0.0319501
0.0305976
0.0309414
0.0295927
0.0322391
0.0328828
0.029875
0.0321525
0.0295925
0.0308171
0.0296903
0.0310436
0.0313812
0.0311565
0.0314601
0.0330474
0.0326035
0.0315841
0.0296667
0.0304173
0.0334365
0.0307686
0.0307009
0.0308355
0.0325319
0.0311678
0.0345664
0.0316076
0.0306892
0.0297805
0.0315675
0.0315445
0.0304938
0.0318527
0.0327928
0.0305958
0.0313593
0.0314621
0.0336395
0.0307081
0.0297192
0.0318854
0.0329093
0.0330508
0.0316824
0.0323607
0.0301994
0.032206
0.0329547
0.0317741
0.033394
0.0302577
0.0324741
0.0319311
0.0322051
0.0339207
0.0313221
0.0309479
0.0314393
0.0322668
0.0307285
0.0329528
0.0329967
0.0325388
0.0335812
0.0321613
0.0328214
0.0318284
0.0307772
0.031513
0.0321803
0.03302
0.0330333
0.031398
0.030436
0.0317422
0.0323106
0.0336771
0.0326009
0.0332157
0.0307115
0.0289369
0.0307153
0.0318194
0.0334491
0.0313912
0.0295661
0.0314557
0.0347908
0.0330115
0.0307609
0.0309487
0.0299777
0.0305716
0.0334397
0.0282295
0.0334007
0.0332598
0.0313465
0.0315476
0.0319432
0.0323093
0.0310121
0.0322507
0.0324871
0.0338894
0.0322724
0.0326231
0.032879
0.0335163
0.0297565
0.0308841
0.0303416
0.03056
0.0312416
0.0312558
0.0340179
0.031062
0.0327906
0.0296006
0.0321164
0.031947
0.0351971
0.0292737
0.0302793
0.0315015
0.0333478
0.0315697
0.0287045
0.0310805
0.0286325
0.0330708
0.0321826
0.030996
0.0315757
0.032545
0.0312432
0.0304458
0.0300585
0.030016
0.0298663
0.0299796
0.0332149
0.0323372
0.0317724
0.0329327
0.0308964
0.0322106
0.0299312
0.0319231
0.0331892
0.0312692
0.0341094
0.0279641
0.0325371
0.0339789
0.0299287
0.0304288
0.0311543
0.0317348
0.0299943
0.0284635
0.028769
0.0309164
0.0325016
0.0313791
0.0310967
0.0313639
0.0333908
0.0307341
0.0335369
0.0303233
0.031886
0.0306979
0.0292821
0.0339032
0.0302183
0.0326713
0.0288348
0.0318298
0.0305226
0.030669
0.0309129
0.0306979
0.0314304
0.032719
0.0316228
0.032571
0.0298251
0.0330953
0.0308743
0.0328696
0.0312596
0.0305101
0.0296513
0.031155
0.0318592
0.0322956
0.0296189
0.0344255
0.0322342
0.0290318
0.0324035
0.0290339
0.0323653
0.0319977
0.0306448
0.0324774
0.0324004
0.0307718
0.0300857
0.0335953
0.0328473
0.0308383
0.0296784
0.0327393
0.0302459
0.0323075
0.0333342
0.0318982
0.0314319
0.0310742
0.030336
0.0310283
0.0290163
0.0333577
0.0331709
0.0350386
0.0302553
0.0292975
0.032584
0.0312227
0.0329662
0.0299434
0.0316267
0.0324977
0.0308083
0.0298828
0.0326674
0.0305518
0.0324017
0.0335705
0.0331062
0.0322296
0.029485
0.0317028
0.0321637
0.0336009
0.0353257
0.0320801
0.0326534
0.0300754
0.0329639
0.0303366
0.0317369
0.0320016
0.0294783
0.0316963
0.0307517
0.0325127
0.0329758
0.0312231
0.0307537
0.031607
0.0310597
0.0319966
0.0323025
0.0299148
0.0314093
0.0295346
0.0330061
0.0306885
0.0319058
0.0309019
0.030967
0.0306695
0.0282054
0.0336666
0.0319091
0.0294943
0.0307689
0.033638
0.0314947
0.0312852
0.0332616
0.0314703
0.0325925
0.0313804
0.0346997
0.0318672
0.0330804
0.0335585
0.028894
0.0327622
0.0336675
0.0317578
0.0298384
0.032333
0.0298499
0.0306752
0.0318497
0.0316736
0.0300126
0.0318043
0.0320717
0.0318669
0.0319197
0.0286016
0.0319053
0.0294509
0.0311492
0.0309742
0.0309285
0.0306838
0.0327362
0.0293508
0.0320406
0.0298942
0.0308426
0.0311983
0.0295651
0.0337627
0.0317126
0.0313827
0.0329604
0.0283119
0.0320709
0.0296288
0.0316412
0.0299468
0.0321215
0.0292724
0.0315088
0.0301179
0.029064
0.031807
0.0307365
0.0339741
0.0291182
0.0338246
0.0326352
0.0339558
0.0306424
0.0309373
0.0290875
0.0350214
0.0327679
0.0315091
0.0318107
0.032875
0.0314512
0.0341526
0.0298259
0.0304926
0.032631
0.0297733
0.032507
0.0324257
0.03269
0.0345021
0.0320814
0.0310924
0.0300632
0.0345751
0.0321452
0.0286432
0.0311858
0.0334849
0.0304304
0.0307728
0.0325424
0.0319535
0.0321188
0.0314083
0.0319024
0.0308293
0.0319379
0.0313622
0.0299485
0.033107
0.0328042
0.0317603
0.0313728
0.0327328
0.030606
0.0310481
0.0323299
0.0301288
0.0314661
0.0295531
0.0335322
0.0314788
0.0320409
0.0321858
0.0296602
0.031877
0.0335332
0.0293109
0.0300672
0.0319015
0.0320992
0.0322442
0.0309889
0.0320942
0.0320545
0.0333947
0.0315131
0.0295329
0.031866
0.0330504
0.0343894
0.034291
0.0312161
0.0298085
0.0323692
0.0318392
0.0331476
0.0310541
0.0342427
0.0324759
0.0333784
0.0315866
0.0334967
0.0307537
0.0316803
0.0308483
0.0320251
0.0318838
0.0291669
0.0309942
0.0343291
0.0335809
0.0323144
0.0313785
0.0328913
0.0330477
0.0314658
0.0315699
0.0311525
0.0330159
0.0325951
0.0315725
0.0308465
0.0324941
0.029749
0.0312491
0.0311775
0.0292224
0.0298236
0.0333554
0.0307644
0.0315642
0.0302335
0.0318366
0.031735
0.033131
0.0306108
0.0304244
0.0338093
0.0338182
0.0315125
0.032332
0.0303836
0.0285057
0.0315511
0.030827
0.032461
0.0336966
0.0349241
0.0327263
0.0311495
0.030453
0.0306941
0.0328362
0.032345
0.0292566
0.0315364
0.0317846
0.0325239
0.0305949
0.0334864
0.0310644
0.0317963
0.0304116
0.0296958
0.0304505
0.0307251
0.0304909
0.0311872
0.0338096
0.0332961
0.0313107
0.0312835
0.0288773
0.0292138
0.0346253
0.031745
0.0336411
0.0323892
0.0299671
0.0315406
0.0319433
0.0332081
0.0307769
0.029029
0.0309558
0.0315511
0.0297067
0.0315325
0.0330144
0.0309784
0.0327272
0.0302104
0.0311249
0.0320909
0.0317711
0.0321915
0.0333775
0.0323185
0.0301296
0.0307024
0.0331224
0.0324464
0.0318517
0.028156
0.0323311
0.0327531
0.0336078
0.0320585
0.0301219
0.032615
0.0309025
0.0338286
0.0313213
0.0328466
0.0312303
0.0337563
0.031597
0.0318909
0.0303117
0.0329373
0.0349776
0.029514
0.0328695
0.0302704
0.0296006
0.0328078
0.0306379
0.0295649
0.0320302
0.0306914
0.0336157
0.030337
0.0319182
0.0334495
0.0310286
0.0339978
0.032873
0.0316087
0.0301654
0.0331361
0.0291883
0.0330506
0.0305696
0.0317348
0.0333463
0.0304583
0.0308695
0.0310328
0.030547
0.0296942
0.031374
0.03112
0.0330015
0.0331145
0.0315934
0.031068
0.0323659
0.0301639
0.03265
0.0309551
0.0325182
0.0315353
0.0329496
0.0316441
0.0305788
0.030456
0.0316288
0.0339281
0.0313017
0.0313449
0.032196
0.0305023
0.0341069
0.0295569
0.0296022
0.0298038
0.0301682
0.0314608
0.0314799
0.0301809
0.0300989
0.0315999
0.0329445
0.0320885
0.0320172
0.0327282
0.0317937
0.0306338
0.0301788
0.0328046
0.0287813
0.0323096
0.0318977
0.0321605
0.0307745
0.0334093
0.0297515
0.0307624
0.0304968
0.0306504
0.0316833
0.0334414
0.0316771
0.0335272
0.03384
0.0338473
0.0304093
0.029858
0.0296286
0.0322972
0.0299689
0.0301179
0.031439
0.0315089
0.0313922
0.0321201
0.0295733
0.0321659
0.0308753
0.0311122
0.0304807
0.0297714
0.032372
0.0308841
0.0295815
0.0290598
0.0286673
0.0304262
0.0307966
0.029973
0.0284048
0.0298394
0.0320397
0.03183
0.0300262
0.0292754
0.0312944
0.0332598
0.0318568
0.030882
0.032332
0.0317178
0.0304261
0.0311718
0.0346765
0.0317299
0.030084
0.0316407
0.0322492
0.030275
0.0327377
0.0315695
0.0298554
0.0318133
0.0308897
0.0335346
0.0294726
0.0296884
0.0313402
0.0319544
0.0306156
0.0299512
0.0299568
0.0296951
0.0307379
0.0293924
0.0299157
0.0319221
0.0327168
0.0314111
0.032089
0.034225
0.0314891
0.0345287
0.0338374
0.0326971
0.0324709
0.0314904
0.0337297
0.0317971
0.0321835
0.0324401
0.031091
0.0321702
0.0314194
0.0328374
0.0329114
0.0331089
0.0310284
0.0315339
0.0294564
0.0315051
0.0316355
0.0308605
0.0322156
0.0291074
0.0307223
0.0334296
0.0299053
0.0325538
0.0319741
0.0321804
0.0320927
0.0308936
0.0312853
0.0311374
0.0303371
0.031831
0.0320151
0.0323812
0.0333894
0.0306416
0.0310255
0.0333265
0.035698
0.0313129
0.0318116
0.0331356
0.034144
0.0317238
0.0327339
0.0308972
0.0337896
0.031022
0.0351136
0.0311074
0.0310564
0.035569
0.0317511
0.0327566
0.0320811
0.0308602
0.0307393
0.0306958
0.0289675
0.0293793
0.029633
0.0328923
0.0302418
0.0309932
0.0293215
0.0314953
0.0302202
0.0311936
0.0286517
0.0313665
0.0339428
0.0311855
0.0293089
0.0300637
0.030523
0.0334596
0.0299235
0.0333792
0.0311741
0.0288509
0.0339615
0.0326097
0.0337659
0.0311978
0.0325223
0.0306117
0.0301668
0.0312275
0.0328402
0.0337758
0.0305869
0.0318562
0.0310373
0.0321488
0.032136
0.0302668
0.0302403
0.0295213
0.0342781
0.0302945
0.0300479
0.0310703
0.0317267
0.0311247
0.033123
0.0316094
0.0328836
0.0293594
0.0325152
0.0295309
0.0329232
0.0316477
0.0312773
0.0282533
0.034887
0.0355135
0.0326
0.0308843
0.032539
0.0307507
0.0310759
0.0313982
0.0330498
0.0304294
0.029931
0.031043
0.0298254
0.034653
0.033709
0.0340405
0.0340063
0.0335742
0.0317251
0.0309742
0.0311242
0.0303226
0.0322183
0.0312442
0.0315452
0.0312963
0.0298857
0.0291226
0.033162
0.0334146
0.0320058
0.0315852
0.0300324
0.0290442
0.031282
0.0329865
0.0312592
0.0310637
0.0325737
0.0296008
0.0298287
0.0337165
0.0313265
0.0319107
0.0310403
0.0307696
0.0300651
0.0306334
0.0306693
0.0331289
0.0309046
0.0325676
0.0334453
0.0297362
0.0315228
0.0324814
0.0315797
0.0319212
0.0329972
0.0308874
0.034457
0.0315215
0.0324751
0.0319054
0.0330364
0.0311185
0.0335714
0.0307641
0.034575
0.0297633
0.0333462
0.030244
0.0314135
0.0353041
0.0301395
0.0322385
0.0312823
0.0309361
0.02994
0.0313798
0.0303904
0.0317567
0.0314662
0.0317909
0.0329136
0.0307914
0.0331381
0.0340796
0.0307266
0.0312119
0.0297917
0.0289969
0.0314225
0.0305036
0.0321062
0.030687
0.0327778
0.030455
0.0314148
0.0340508
0.0334638
0.0305966
0.0295808
0.0329207
0.0325031
0.0334235
0.0321285
0.0300063
0.0280186
0.0314
0.0301213
0.0305412
0.031429
0.0315949
0.0310791
0.033472
0.0329098
0.0321987
0.0303283
0.0321905
0.0326082
0.0334924
0.0313092
0.0317477
0.0316319
0.0310432
0.0310554
0.0319594
0.0323937
0.0332165
0.0331278
0.0302988
0.0331371
0.033172
0.0315046
0.0304772
0.0342459
0.0326628
0.0316906
0.0300806
0.0309828
0.0324328
0.0320058
0.0333028
0.0310799
0.0331521
0.0316242
0.0333362
0.0307192
0.0308849
0.0312916
0.0324408
0.0303106
0.030639
0.033041
0.0328337
0.0300012
0.0331522
0.0327876
0.0318673
0.0310988
0.0344783
0.0306363
0.0316263
0.0333315
0.0325204
0.0316464
0.0319039
0.0296497
0.0315119
0.0306044
0.0306626
0.030771
0.0331313
0.0316746
0.0331213
0.0319488
0.0344806
0.0305318
0.0299867
0.0316017
0.0323409
0.0315655
0.0306736
0.0310423
0.0321795
0.0333915
0.0321379
0.0321372
0.0303956
0.0312628
0.0322798
0.0317032
0.0313266
0.0324344
0.0322783
0.0306587
0.0307784
0.0332702
0.0351689
0.0327309
0.0352996
0.0321728
0.0345024
0.0314026
0.0326851
0.0320738
0.0329401
0.0291524
0.0333513
0.0316439
0.0313113
0.0308391
0.031331
0.032432
0.0299021
0.0323376
0.0293771
0.0329044
0.0310534
0.0292359
0.0332197
0.0298556
0.0333273
0.0329276
0.0333689
0.0311142
0.0310202
0.0311787
0.0320905
0.0328622
0.0293357
0.0332135
0.0318739
0.0316327
0.035242
0.033218
0.0325089
0.0295566
0.0325818
0.0303612
0.0322554
0.0296937
0.0323742
0.0313033
0.0302932
0.0324233
0.0308225
0.0303064
0.0333715
0.032177
0.0294929
0.0336095
0.0325672
0.0303198
0.0329229
0.0316128
0.0325121
0.0335323
0.0305657
0.0307259
0.0328908
0.0310013
0.0319719
0.0316642
0.0329377
0.0294965
0.0305407
0.0319018
0.0321424
0.0312745
0.0297413
0.028398
0.0314167
0.031034
0.0313464
0.0332154
0.0302326
0.0327114
0.0308964
0.0334747
0.0327924
0.0296402
0.0313915
0.0308659
0.0297364
0.0325681
0.0305601
0.031558
0.0299919
0.0301671
0.0313385
0.0286778
0.0280498
0.0307323
0.0314455
0.0296782
0.0331834
0.03408
0.0337889
0.0307786
0.0336943
0.0319705
0.0305119
0.0300712
0.0337809
0.0308406
0.0318607
0.0339476
0.0318307
0.0286038
0.0298764
0.0319207
0.0310104
0.0325317
0.0304866
0.0313281
0.0309174
0.0312482
0.0303112
0.0305985
0.0317572
0.0298266
0.0310571
0.029869
0.0316467
0.0321574
0.0341158
0.0296182
0.0345573
0.0302449
0.0311514
0.0322553
0.0314822
0.030873
0.0330793
0.0317331
0.0311063
0.0322334
0.0341768
0.0313874
0.0310422
0.0320451
0.030577
0.032772
0.0320012
0.0334598
0.0302302
0.0304769
0.0319529
0.0337373
0.0334799
0.0296495
0.0307331
0.0336829
0.0301991
0.0312429
0.0294771
0.0307727
0.0332017
0.0314023
0.0308309
0.0306021
0.0307993
0.0341845
0.0355189
0.0293761
0.02992
0.0304753
0.0297272
0.0341489
0.031362
0.0324963
0.0320972
0.029258
0.0309074
0.0336872
0.0336732
0.0338368
0.0323814
0.0339003
0.0321265
0.0296
0.0334973
0.0312112
0.032978
0.0315548
0.0323032
0.0329712
0.0306038
0.0311192
0.0313541
0.0336108
0.0314401
0.0309065
0.0304698
0.030367
0.030065
0.0312741
0.0298364
0.0313013
0.0300763
0.0313454
0.0309537
0.0330103
0.0310224
0.0290034
0.0319028
0.0312317
0.029645
0.0296043
0.0327482
0.0319198
0.0327035
0.0318062
0.0290792
0.030791
0.031168
0.0318645
0.0335471
0.0322411
0.0324782
0.0312046
0.0323749
0.0328143
0.0316778
0.0300775
0.0319841
0.0320175
0.0296922
0.0313245
0.03177
0.0302012
0.0315219
0.0290492
0.0353194
0.0317924
0.031868
0.0312832
0.0313327
0.0279908
0.0323352
0.03124
0.0306316
0.0326829
0.0325049
0.0301779
0.0330851
0.0294986
0.0305536
0.03071
0.0328633
0.0311643
0.0332904
0.0338336
0.0316342
0.0324738
0.0322293
0.0309736
0.0294538
0.0283773
0.0332118
0.0307664
0.0294727
0.0306384
0.0305138
0.0311472
0.0319914
0.0301329
0.0318405
0.033194
0.032696
0.0311908
0.0332297
0.0302726
0.0285292
0.0328582
0.0306264
0.0313233
0.0324365
0.0314823
0.0292618
0.0323775
0.0321321
0.0299103
0.0332519
0.0302982
0.0334414
0.0340346
0.0321069
0.031593
0.0326299
0.0307823
0.029572
0.0323614
0.0311632
0.0308797
0.0330193
0.0297616
0.0287356
0.0309211
0.0304497
0.0293491
0.028237
0.0312243
0.0326951
0.032548
0.0330745
0.0328068
0.0320361
0.0320109
0.0315221
0.0339606
0.0318063
0.0315466
0.0328231
0.0329703
0.0354413
0.0305582
0.0333286
0.0331436
0.0319077
0.0335822
0.033787
0.032749
0.031164
0.0312966
0.0316215
0.031939
0.0302291
0.0327549
0.0315102
0.0325071
0.031428
0.0310768
0.0322735
0.0308087
0.0302695
0.0307843
0.0320927
0.0349203
0.0316222
0.0322551
0.0325011
0.0311453
0.0312955
0.0301325
0.033038
0.0301528
0.029149
0.031099
0.0314008
0.0320554
0.0327705
0.0312227
0.0338402
0.0301912
0.0307124
0.0312021
0.0311827
0.0315659
0.0343648
0.0322222
0.033017
0.031603
0.0321919
0.0292608
0.0318189
0.0315683
0.0318044
0.0313395
0.0326828
0.0327007
0.0318391
0.0326122
0.0318495
0.0321125
0.0305796
0.0327524
0.0325532
0.0327434
0.0300032
0.0316695
0.0339955
0.0350947
0.0303472
0.0302542
0.0309598
0.0291116
0.0327666
0.0315503
0.0323603
0.0312383
0.0325416
0.0318249
0.0295014
0.0318337
0.029656
0.0334999
0.0318455
0.0317789
0.0296546
0.0297888
0.0313545
0.0319745
0.0296233
0.0300223
0.0321406
0.0317372
0.0302375
0.0292166
0.0300278
0.0320544
0.031647
0.0319558
0.0338559
0.0337349
0.0304543
0.0327875
0.0315626
0.0325099
0.0308354
0.0330513
0.0295365
0.0299089
0.0308653
0.0321382
0.0327948
0.0289794
0.0321352
0.032922
0.0317484
0.0297025
0.031366
0.0335832
0.0286015
0.0324878
0.0324005
0.0300988
0.0308756
0.031143
0.0308955
0.0328785
0.0308255
0.0307639
0.0311943
0.0317488
0.0330179
0.0315857
0.0316336
0.0307878
0.0317086
0.0325154
0.0321459
0.0306329
0.0326029
0.0299879
0.0328255
0.0321404
0.0331055
0.0309844
0.0325122
0.0322354
0.0330494
0.0303575
0.0310461
0.0327259
0.0301663
0.0307819
0.029373
0.0302238
0.0309233
0.031539
0.030731
0.0314866
0.0351775
0.0319765
0.032005
0.031129
0.0309924
0.0324809
0.0317813
0.0313754
0.0291428
0.0341978
0.0303206
0.0310231
0.0328837
0.033435
0.0306777
0.0331746
0.0315102
0.0330834
0.031764
0.0316775
0.0334907
0.0313993
0.0299919
0.030963
0.0300953
0.0305044
0.0302635
0.033963
0.0323022
0.0306647
0.03041
0.0332067
0.0329713
0.032463
0.0329615
0.0331997
0.0309035
0.0298487
0.0298407
0.0306764
0.0315598
0.033083
0.0306076
0.0301948
0.0317418
0.0310428
0.0311086
0.0315981
0.0323739
0.0313215
0.0297815
0.0325747
0.0326629
0.0299804
0.0325122
0.0307464
0.0300055
0.0320955
0.0320808
0.0304065
0.0295589
0.0309555
0.0326279
0.0321313
0.0329157
0.0324178
0.0334133
0.0311845
0.0320079
0.0322344
0.0299525
0.0311588
0.0311767
0.0291998
0.033374
0.0322079
0.0314673
0.0302586
0.0331314
0.0310227
0.0343615
0.0307908
0.0302968
0.0310789
0.0299505
0.0298341
0.031116
0.0337172
0.0302199
0.0334447
0.0339554
0.0322212
0.0313945
0.0327442
0.0312095
0.0321185
0.0330449
0.0340233
0.0324283
0.0338178
0.0329484
0.0311059
0.0302466
0.0302263
0.0341033
0.0342013
0.0297761
0.0325825
0.0303405
0.0328293
0.0310284
0.0337047
0.0292166
0.0298365
0.031029
0.030347
0.0295165
0.0317519
0.0300649
0.0303513
0.0341234
0.0287911
0.0293284
0.0330753
0.0312698
0.0318854
0.0322368
0.0307049
0.0327218
0.0319709
0.0329817
0.0335955
0.0304589
0.0313502
0.0315768
0.0328517
0.0304371
0.0313402
0.0287014
0.031901
0.0326669
0.0299495
0.0292535
0.0293363
0.0328395
0.0333731
0.0343827
0.031583
0.0325226
0.0318732
0.0302535
0.0341853
0.0307827
0.0292208
0.0313078
0.032166
0.0342164
0.0301873
0.0310685
0.031695
0.0313233
0.03025
0.0309012
0.0324326
0.0326665
0.031343
0.03218
0.0335448
0.0304351
0.0328762
0.0321238
0.0309925
0.029576
0.0326885
0.0308447
0.0330115
0.0319914
0.0294647
0.0316995
0.0321213
0.0303799
0.0304835
0.0316665
0.0339364
0.0320379
0.0309206
0.0333354
0.0306897
0.030229
0.0309972
0.0322212
0.0307269
0.0336985
0.0305129
0.0276316
0.0326841
0.030965
0.0332868
0.0327037
0.0311681
0.0309297
0.033143
0.029964
0.0304976
0.0293467
0.0335883
0.0302876
0.0323203
0.0301269
0.0316428
0.0329438
0.0330576
0.0320405
0.0315286
0.0348114
0.0319288
0.0341484
0.030883
0.0299773
0.0329281
0.0320292
0.0319878
0.0312379
0.0302914
0.0294874
0.0340397
0.0305603
0.0330234
0.0319559
0.0330262
0.0304529
0.0332367
0.0330028
0.0320984
0.0315165
0.0338234
0.0309683
0.0309834
0.0305046
0.0354431
0.0337342
0.031447
0.0329877
0.0322258
0.0322458
0.0339387
0.0309686
0.0323343
0.0282737
0.0325924
0.0318703
0.0316329
0.0332937
0.030995
0.0320181
0.0332058
0.0340945
0.0335546
0.0302122
0.0322452
0.0323856
0.0313564
0.028619
0.0329033
0.0306602
0.0323437
0.0329527
0.0348565
0.0320713
0.0323098
0.0326818
0.0303109
0.0308279
0.0352194
0.0294183
0.0304815
0.0315497
0.0315766
0.0330732
0.0318716
0.0311612
0.0315788
0.0312191
0.029879
0.0307375
0.0315864
0.0335501
0.0318647
0.031432
0.0297595
0.031695
0.0308845
0.0299857
0.0307355
0.0340175
0.0302208
0.0301173
0.0305444
0.0330139
0.0327823
0.0301381
0.0319362
0.0321716
0.0321468
0.0292853
0.0327757
0.030473
0.0304218
0.0314045
0.0334293
0.0301483
0.0292009
0.0296364
0.0320523
0.031654
0.0306101
0.0314932
0.0313637
0.0296046
0.031351
0.0316898
0.0321978
0.0310646
0.0304503
0.0280768
0.034985
0.0326477
0.030851
0.0310608
0.0314938
0.0312726
0.032376
0.0333495
0.0316892
0.030276
0.0295894
0.0313905
0.0304404
0.0333925
0.0324392
0.031109
0.0323716
0.0294665
0.0322117
0.0306076
0.0292175
0.0308962
0.032842
0.0351321
0.0299185
0.029219
0.0308579
0.0337981
0.0328595
0.030514
0.0302912
0.0298152
0.0313727
0.0331295
0.0322265
0.0310506
0.0335878
0.0323072
0.0304698
0.0313056
0.0326463
0.0312163
0.0331349
0.0305602
0.0301003
0.0317165
0.0307401
0.0333649
0.0317393
0.0301837
0.0314761
0.0323322
0.0313351
0.031401
0.0325868
0.0323242
0.0294653
0.0333449
0.0344581
0.0335271
0.0326533
0.0335068
0.0280866
0.032175
0.0324149
0.0318539
0.0305002
0.0320534
0.0331502
0.0314966
0.0306152
0.0324549
0.0284969
0.0309569
0.0321444
0.0320621
0.0312731
0.0324072
0.0299981
0.0327282
0.0323208
0.0322731
0.0329169
0.0299515
0.0320628
0.0325252
0.0326654
0.0303576
0.0325776
0.0327166
0.032538
0.030804
0.0308027
0.0307733
0.0308564
0.0300888
0.0333393
0.030539
0.0308532
0.0335822
0.0332137
0.0316736
0.0328114
0.0344565
0.0305382
0.0311419
0.0313505
0.031215
0.0323344
0.0304709
0.0279136
0.0342566
0.0308801
0.0315556
0.0324727
0.0302154
0.0313028
0.031409
0.0321554
0.0330149
0.0317083
0.0310503
0.0303799
0.0350676
0.030931
0.0330097
0.0338929
0.0314245
0.0324811
0.0314184
0.0333932
0.0328017
0.0312851
0.0312585
0.0332133
0.0316477
0.0324849
0.0332764
0.0300894
0.0298036
0.0301502
0.0312146
0.0316765
0.0341016
0.0322367
0.0327891
0.0318422
0.027811
0.0309783
0.0279384
0.0308743
0.0276766
0.0321423
0.0326907
0.0312585
0.0321395
0.0327676
0.0329202
0.0334341
0.0325378
0.0320787
0.0306535
0.0282077
0.0280183
0.0316407
0.0303148
0.0310794
0.0287488
0.031848
0.0348646
0.032167
0.0316793
0.0304336
0.0329437
0.0347576
0.0288844
0.0322357
0.0324659
0.0324713
0.0343639
0.0313822
0.0313251
0.0299584
0.0293915
0.0309319
0.0294864
0.0336507
0.0315837
0.0301146
0.0313744
0.0310965
0.0325123
0.0298874
0.0298185
0.0326257
0.0316909
0.0329614
0.0287555
0.0351749
0.032171
0.0328056
0.0334292
0.0288058
0.0321921
0.0334661
0.0312096
0.0306852
0.0310854
0.0301471
0.0284286
0.0294275
0.0326154
0.0302785
0.032156
0.0327508
0.0322326
0.0340209
0.0298931
0.0316212
0.0303103
0.0306944
0.0316443
0.0298191
0.0314302
0.0301623
0.0333678
0.0324781
0.0302043
0.0304281
0.0311855
0.0309261
0.0308895
0.0296681
0.0305709
0.0304948
0.0315641
0.0320382
0.0314382
0.0323818
0.0306217
0.0312477
0.031794
0.0311971
0.0340751
0.030986
0.0305754
0.0315548
0.0297637
0.0282312
0.0310204
0.034402
0.033357
0.0327365
0.0330763
0.030826
0.0317826
0.0338883
0.028773
0.0302341
0.0311456
0.0316369
0.0310112
0.0325072
0.0316841
0.0295821
0.030525
0.0334507
0.0306728
0.0339349
0.0307128
0.0324056
0.0325838
0.0303851
0.0309824
0.030267
0.0325433
0.0282024
0.0306268
0.0312311
0.0330274
0.0291556
0.030779
0.0326105
0.0309917
0.0330808
0.030922
0.029669
0.0317601
0.0317799
0.03282
0.0318925
0.0323333
0.0288657
0.0318549
0.0299097
0.0298762
0.0303782
0.0327184
0.0340039
0.0310541
0.0319887
0.0305311
0.0297997
0.0295268
0.0338772
0.0334426
0.0336745
0.0303259
0.0291788
0.035999
0.0313839
0.0326584
0.0336737
0.030626
0.0325528
0.0310296
0.0310467
0.0317444
0.0322536
0.0315004
0.033527
0.0326144
0.0311612
0.0297196
0.0298549
0.0311753
0.0331101
0.0305845
0.0324155
0.0293362
0.0318037
0.0314086
0.0308426
0.0348959
0.0318534
0.0316646
0.0315418
0.0301688
0.0343304
0.0322309
0.0319709
0.0328453
0.0327333
0.0315974
0.0322008
0.0307791
0.0304664
0.0298365
0.0295652
0.0286529
0.0306081
0.0298456
0.0333447
0.0304273
0.0317045
0.0311638
0.0314338
0.0308928
0.0303422
0.0294481
0.0325517
0.0286766
0.0323862
0.0324813
0.0305325
0.0323269
0.0308053
0.03168
0.0322252
0.0318958
0.0312905
0.0318022
0.0299278
0.0301899
0.0342616
0.0316537
0.0319629
0.0332608
0.0331281
0.0325917
0.0302809
0.0325425
0.0286004
0.0332852
0.029467
0.0324767
0.0295575
0.0317263
0.0318042
0.0309564
0.0313538
0.03172
0.0315776
0.0325905
0.0337488
0.0311306
0.030389
0.0329252
0.0334362
0.0336434
0.0327528
0.0305114
0.0327005
0.0304974
0.0317878
0.0338053
0.0332588
0.0340387
0.0313291
0.0294409
0.0326062
0.0330082
0.0318247
0.0322969
0.0319816
0.0346746
0.0315108
0.0343306
0.0295471
0.0326492
0.0313153
0.033234
0.0321435
0.0289553
0.0310914
0.029174
0.0283401
0.0319178
0.0308665
0.0332518
0.0320797
0.03093
0.0323198
0.0315608
0.0310959
0.0301485
0.0326839
0.0325484
0.0346796
0.0305117
0.0297552
0.0319297
0.0322911
0.0312908
0.0307366
0.0351977
0.0313482
0.0302001
0.0316413
0.0296645
0.0322496
0.0306731
0.0316715
0.0312344
0.0332226
0.0313531
0.031611
0.0348474
0.0324592
0.0306178
0.0329006
0.0326238
0.0314198
0.0321531
0.0333915
0.0310282
0.030524
0.0322438
0.0317403
0.0284897
0.0317429
0.0299351
0.0327295
0.0320706
0.0353275
0.0334964
0.0314211
0.0324586
0.0330395
0.0317455
0.030739
0.030239
0.0312325
0.0304941
0.0291036
0.0326952
0.0299196
0.0318381
0.0320898
0.0313349
0.0341536
0.0305105
0.03123
0.0328029
0.0338949
0.0316916
0.0334442
0.0313362
0.0298501
0.0322352
0.0329424
0.0294587
0.0295703
0.0311909
0.0299006
0.0319073
0.0325001
0.0321813
0.0321477
0.0320483
0.0334997
0.0327705
0.034709
0.0334806
0.0319565
0.0322479
0.0316242
0.0315393
0.0298823
0.0316439
0.0329057
0.0313397
0.0312427
0.0330341
0.0314061
0.0317707
0.0321923
0.0302851
0.0327929
0.0340504
0.0305991
0.0301866
0.0306742
0.0336098
0.031333
0.0319512
0.0292511
0.0301853
0.0300981
0.0302758
0.0325006
0.0322861
0.0339848
0.0331803
0.0346157
0.0335282
0.0323615
0.0338158
0.0298613
0.0316738
0.0302492
0.030142
0.0346956
0.0320333
0.0349866
0.03192
0.0323452
0.0328029
0.0340868
0.0329862
0.0305945
0.0324488
0.0349007
0.0316802
0.0332255
0.0306409
0.0317809
0.0300376
0.0323342
0.0311257
0.032479
0.0328592
0.0296398
0.0300643
0.0298726
0.0319114
0.0313262
0.0322809
0.032428
0.0331642
0.0322555
0.0295371
0.0345793
0.0297182
0.0320862
0.0337729
0.0307467
0.0320796
0.0329931
0.0332907
0.0327761
0.0320253
0.0320487
0.0299286
0.0300939
0.0316948
0.0312135
0.0332019
0.0325179
0.0326198
0.0341611
0.0324204
0.0319346
0.0302903
0.0323847
0.0312385
0.032782
0.0329845
0.0306882
0.0323339
0.0309484
0.032061
0.0322396
0.0291907
0.0322316
0.0302342
0.0302244
0.0329732
0.0335676
0.0305157
0.0325386
0.0300779
0.0310715
0.0312338
0.0306547
0.032806
0.0326755
0.0295705
0.0308529
0.0326738
0.0310013
0.0305132
0.0317735
0.0352791
0.0297
0.031944
0.0339048
0.0329218
0.0294073
0.0319407
0.033612
0.0296776
0.0315581
0.0287849
0.0330751
0.0312378
0.0309106
0.0315733
0.0329536
0.0293081
0.0301881
0.0304904
0.0339707
0.0305177
0.0310942
0.0313772
0.0345753
0.0318063
0.0307949
0.0316387
0.0307925
0.0329814
0.0323667
0.0332143
0.0324355
0.0319475
0.0309136
0.0333019
0.0322903
0.0315865
0.0353208
0.0298229
0.0310757
0.0302331
0.031247
0.0305856
0.0313129
0.0289764
0.0304497
0.0330449
0.0321442
0.031402
0.0311567
0.0331229
0.0316965
0.0310631
0.0297045
0.0341764
0.0322875
0.0331649
0.0330658
0.0313116
0.0299012
0.0321958
0.0299048
0.0309942
0.0319107
0.0291468
0.0305651
0.0318863
0.0310321
0.0321834
0.03156
0.0290434
0.0338566
0.0317403
0.0325343
0.0328385
0.0320188
0.0309723
0.0317914
0.0330742
0.0294515
0.0341305
0.0322298
0.0300071
0.0322365
0.0326742
0.0291004
0.0325711
0.0293767
0.0323232
0.0308615
0.0314309
0.0303519
0.0312381
0.0311128
0.0306303
0.0300029
0.0299181
0.0318175
0.0296273
0.0333402
0.0308589
0.0308904
0.0311137
0.0320038
0.0309321
0.0327854
0.0342598
0.0338879
0.0305245
0.0342205
0.0312192
0.0312445
0.0321306
0.0290936
0.030887
0.0315569
0.0305104
0.0317341
0.030068
0.0334557
0.0322424
0.0297042
0.0311449
0.0331806
0.0314292
0.0297869
0.03104
0.0330807
0.0322209
0.0321729
0.0334143
0.0290741
0.0290146
0.0329334
0.0315185
0.0293183
0.0317302
0.0308856
0.0347548
0.030772
0.0342745
0.0307008
0.0317984
0.0327509
0.0332186
0.0348602
0.0315316
0.0308289
0.031515
0.0307519
0.032373
0.0290882
0.0328177
0.0324418
0.0288783
0.0291147
0.0303887
0.0296214
0.0312206
0.0289068
0.034092
0.0324446
0.0307543
0.0333645
0.0303253
0.0320225
0.0323737
0.031442
0.0302774
0.0322758
0.0303886
0.0299486
0.0348269
0.0333705
0.0333956
0.0287835
0.0297407
0.0336156
0.0333818
0.0351555
0.029299
0.0308211
0.0319865
0.0295674
0.0314944
0.0330263
0.0315661
0.029705
0.0327816
0.0328795
0.0319457
0.03101
0.0336
0.0321022
0.0322103
0.0305032
0.0301754
0.0327751
0.031612
0.0327948
0.0310524
0.0323679
0.0319417
0.0320591
0.0326296
0.0299923
0.0315069
0.031836
0.0288064
0.0313905
0.0310378
0.0319795
0.0312564
0.0322619
0.0296068
0.0316553
0.0322005
0.0334406
0.0324923
0.033118
0.0330425
0.0313046
0.0330466
0.0317837
0.0292506
0.0324615
0.0314263
0.0284928
0.0338318
0.032557
0.0311153
0.0332884
0.0348566
0.0323505
0.0346884
0.0303521
0.0316677
0.0305355
0.032444
0.0328673
0.0345828
0.032175
0.0351055
0.0315608
0.032795
0.0315488
0.0283527
0.0300784
0.0312409
0.0307615
0.0313961
0.0324081
0.0312965
0.0326578
0.0329547
0.0314158
0.0287804
0.032304
0.0298163
0.0314728
0.0322373
0.0337222
0.03155
0.0309231
0.0321086
0.0313495
0.0306196
0.0328589
0.032207
0.032417
0.0295815
0.0291875
0.0320973
0.0302027
0.0299627
0.0292151
0.0338524
0.0326724
0.0330916
0.0330798
0.0305143
0.0325744
0.0314055
0.033911
0.0324389
0.033994
0.0305039
0.0304092
0.0318168
0.0300283
0.0345444
0.0324099
0.0332298
0.0316005
0.0304141
0.0312296
0.0294479
0.0304914
0.0328845
0.032568
0.0307158
0.0327608
0.0342536
0.0325731
0.0295499
0.0311418
0.0316552
0.0314043
0.0325806
0.0333027
0.0333458
0.0326806
0.0307247
0.0359811
0.0314743
0.0315925
0.0280404
0.0331857
0.0301223
0.0326968
0.0329171
0.0311831
0.0328742
0.0313517
0.0318426
0.0311155
0.030679
0.0307337
0.0314533
0.0339034
0.0319496
0.0333518
0.0319393
0.0321769
0.0343994
0.0327494
0.0315734
0.0325591
0.0291531
0.0309164
0.0301411
0.031565
0.0303528
0.0338538
0.0302436
0.0320526
0.0287691
0.0294712
0.0329954
0.0302287
0.0302198
0.0333131
0.0301171
0.03274
0.0327804
0.0304004
0.0312196
0.0323281
0.0321091
0.0339122
0.0308735
0.0338
0.0335334
0.0320973
0.0335022
0.0319486
0.0322928
0.0299098
0.0310273
0.0347734
0.0305237
0.0325059
0.0333574
0.0302484
0.0317245
0.0311561
0.0303185
0.029325
0.0314555
0.0306129
0.0316181
0.0329298
0.0296504
0.0291119
0.0326359
0.0318038
0.0315037
0.0336916
0.0342554
0.0290268
0.0332551
0.0285238
0.0311355
0.0343228
0.0319199
0.0289496
0.034232
0.0325369
0.034182
0.0350654
0.0336069
0.0303377
0.0307344
0.0313623
0.0306271
0.0324972
0.0309203
0.0304526
0.0325627
0.0330543
0.0319905
0.0345551
0.0297312
0.0317486
0.0292739
0.0308629
0.0353865
0.0299896
0.0318948
0.0348411
0.031843
0.0328579
0.0288901
0.0306989
0.0321504
0.0323081
0.0321249
0.0300298
0.0323481
0.0306756
0.0292142
0.0290668
0.0289589
0.0312387
0.0319835
0.0312926
0.0309719
0.0296651
0.0323808
0.0318442
0.0327164
0.0312122
0.0329379
0.0318938
0.0292228
0.0307622
0.0328177
0.0331945
0.0304376
0.032479
0.0288182
0.0292193
0.0342434
0.0319957
0.0318844
0.0305174
0.030792
0.031281
0.0284783
0.0314706
0.0321177
0.0328996
0.0298123
0.030095
0.0315005
0.0291451
0.0314203
0.0335505
0.0334732
0.0329791
0.0339535
0.0286675
0.0328868
0.0305116
0.0323802
0.0329286
0.0319339
0.0324008
0.0293011
0.0328295
0.0344541
0.0320716
0.0297687
0.0306897
0.0304061
0.0327448
0.030147
0.0308518
0.0304952
0.0292979
0.0295957
0.0326467
0.0319191
0.0292677
0.0331677
0.0313729
0.030587
0.0342745
0.0312433
0.0301245
0.032361
0.0297672
0.0307407
0.0325611
0.031104
0.0315302
0.0307821
0.0311768
0.0327317
0.0315484
0.0318571
0.0313031
0.0309915
0.0323048
0.0331159
0.0312641
0.0323946
0.0309026
0.0344694
0.0342107
0.0298048
0.0312909
0.030266
0.033221
0.0313113
0.0329711
0.0320455
0.0312721
0.0337418
0.0338004
0.0315679
0.0300595
0.0303586
0.0316698
0.0297495
0.0312069
0.0322856
0.0327481
0.0336199
0.0325099
0.0329924
0.0290803
0.0327932
0.0307674
0.0317082
0.0319252
0.0292906
0.0305828
0.0311497
0.0330282
0.0301314
0.0297152
0.0319137
0.0316016
0.0320201
0.0301296
0.0300892
0.029484
0.0318782
0.0319138
0.0328102
0.0312024
0.0304773
0.0305907
0.0316763
0.0287682
0.0310427
0.0327383
0.0311785
0.0283782
0.0282944
0.0314111
0.0298875
0.0320212
0.029719
0.0307706
0.0318766
0.0327717
0.033067
0.0303244
0.0317318
0.0308865
0.0308134
0.0315519
0.0315723
0.0305074
0.0340924
0.0311408
0.0336922
0.0327464
0.0335295
0.0319766
0.0312933
0.0329924
0.0325712
0.033515
0.0310428
0.03292
0.0314761
0.0306319
0.0341326
0.0322796
0.0301232
0.0310914
0.0289145
0.0303133
0.0309173
0.0338535
0.0320559
0.0334043
0.0333078
0.0319714
0.0313535
0.0304618
0.0287904
0.0328797
0.032627
0.0338759
0.0328188
0.0317511
0.0299666
0.0317906
0.0319529
0.03128
0.0313712
0.03335
0.0313765
0.0311666
0.0301647
0.0303785
0.0320368
0.0312253
0.034302
0.0329757
0.029792
0.0309726
0.0322468
0.0330764
0.0301062
0.0339422
0.0305412
0.0328989
0.0307219
0.0323951
0.0319096
0.0328114
0.032548
0.030032
0.0323681
0.0340985
0.0310496
0.030564
0.0332436
0.0335462
0.0323237
0.0303555
0.0313645
0.0301707
0.0336555
0.0311785
0.0304329
0.0343769
0.0327072
0.0316065
0.0316449
0.033123
0.0299102
0.0297686
0.0301047
0.0307741
0.0320004
0.029823
0.029633
0.0317541
0.029522
0.0335072
0.0332787
0.031091
0.0299569
0.0334847
0.0326794
0.0325957
0.03338
0.0322475
0.0304304
0.0300265
0.0298194
0.0325346
0.0292787
0.0333088
0.031993
0.0310734
0.032654
0.0307367
0.0337573
0.0317981
0.033674
0.0308379
0.0334385
0.0334833
0.0296288
0.0336355
0.0315159
0.0323055
0.0295821
0.0340387
0.0307077
0.0342854
0.0305638
0.0324699
0.0333493
0.0329934
0.0311286
0.0331865
0.0294308
0.0313203
0.0314738
0.031649
0.0297752
0.0327191
0.0302823
0.0345195
0.0329394
0.0316243
0.0329657
0.031279
0.0318783
0.0316456
0.0329417
0.0307503
0.0320535
0.0298005
0.0321039
0.0361956
0.0318937
0.0305406
0.0304319
0.0337481
0.0317969
0.0317732
0.0317326
0.0318187
0.0287199
0.0324832
0.0328038
0.0296141
0.0301359
0.0304958
0.0305458
0.0325021
0.0336254
0.0307384
0.0333474
0.0313751
0.0312096
0.0314822
0.0296195
0.0327601
0.0338711
0.0301067
0.033993
0.0309463
0.0313207
0.030478
0.030435
0.0313572
0.0308345
0.0324378
0.0314366
0.0295805
0.0333569
0.0307776
0.029508
0.0301188
0.0311433
0.0326651
0.0311017
0.0301197
0.0300245
0.0322475
0.0289078
0.0319672
0.0312739
0.0326305
0.0317057
0.032755
0.0316256
0.0323259
0.0299952
0.0308483
0.0326671
0.0313984
0.0312491
0.0313704
0.0321753
0.032728
0.0297934
0.0321866
0.0310226
0.0309615
0.0306838
0.0326059
0.0339721
0.0310245
0.0319694
0.0336262
0.0320737
0.0321961
0.0337258
0.0312725
0.0310338
0.0306131
0.0340984
0.0330624
0.0313316
0.0308219
0.03148
0.0310545
0.0328932
0.0296792
0.0313281
0.0298399
0.0302615
0.0330193
0.0319752
0.0325325
0.0331483
0.0300315
0.0316334
0.0286212
0.0310996
0.0306479
0.0321351
0.0308729
0.0313518
0.032017
0.0324049
0.0330645
0.032811
0.031755
0.0331613
0.0331752
0.0313732
0.0320267
0.0333319
0.0334325
0.0288956
0.0336789
0.0325822
0.0314524
0.0301293
0.0303688
0.0326178
0.0286411
0.032483
0.0324576
0.0305455
0.033572
0.0320962
0.032429
0.0326364
0.0292118
0.0312009
0.0310414
0.032555
0.0319275
0.0298295
0.0301165
0.0313557
0.0297247
0.0319973
0.0312748
0.0326439
0.0324153
0.0312359
0.0311931
0.0320192
0.0313622
0.0348237
0.0332721
0.0280324
0.0313891
0.0299831
0.03221
0.032536
0.0291056
0.0324834
0.0296657
0.0345293
0.0298238
0.0329277
0.0323856
0.0302983
0.0332256
0.0325689
0.0326717
0.0335961
0.0310226
0.0311022
0.029496
0.0315897
0.0334548
0.0318344
0.0301739
0.0344336
0.0314678
0.0322256
0.029683
0.0327731
0.03171
0.0308175
0.0311968
0.0324321
0.0306239
0.0307805
0.0317388
0.0314351
0.0313734
0.0310844
0.0287816
0.0307487
0.0348096
0.03209
0.0297566
0.0320499
0.0309938
0.0314629
0.0322883
0.0309766
0.0341447
0.0306337
0.0308413
0.0314532
0.031151
0.0318352
0.0343834
0.0317062
0.0315157
0.0306264
0.0332111
0.0328434
0.0324354
0.0328362
0.0335187
0.0300707
0.0325891
0.0344646
0.0300364
0.032201
0.0324209
0.0302444
0.0293689
0.02888
0.0337721
0.031317
0.0327252
0.0307983
0.0357563
0.0310497
0.031123
0.0310909
0.0312995
0.0289535
0.0347945
0.0329692
0.034937
0.032612
0.0327183
0.030015
0.0319096
0.0310163
0.0310102
0.0307467
0.0331698
0.0324416
0.0316731
0.0304358
0.0301858
0.0321576
0.0314204
0.0291962
0.0332418
0.0307756
0.0329755
0.0307779
0.0324456
0.03323
0.0290449
0.0327704
0.0328589
0.0325453
0.0304755
0.0321363
0.030834
0.0330004
0.0301791
0.0350924
0.0300802
0.0342963
0.0319303
0.0317615
0.0316504
0.0303078
0.0324309
0.0338965
0.0302459
0.0314668
0.0308415
0.0334249
0.0308214
0.0304768
0.031866
0.033455
0.0335776
0.030509
0.0349003
0.0314662
0.029766
0.0323955
0.0312056
0.0350445
0.0336634
0.032231
0.0319841
0.0310928
0.0306421
0.0341278
0.03119
0.0311053
0.0330771
0.0286773
0.0311679
0.0328502
0.0314806
0.0324317
0.0316013
0.0327352
0.0306598
0.0342928
0.0324879
0.0327327
0.0301841
0.0335355
0.0306247
0.0312135
0.0303997
0.0308862
0.0328811
0.0338358
0.0324438
0.0313256
0.0326117
0.0343541
0.0310068
0.0304258
0.0311086
0.0328718
0.0281185
0.0322209
0.0295552
0.0297276
0.0313893
0.0301126
0.0355433
0.0304375
0.0337715
0.0329121
0.0320349
0.0324783
0.0286486
0.029431
0.0314821
0.0302154
0.0294346
0.0332238
0.0318519
0.0291778
0.0322374
0.0329296
0.0305364
0.0306619
0.0293827
0.0308966
0.0348265
0.0328377
0.0312614
0.033145
0.0292625
0.0306863
0.0329152
0.0315376
0.0311281
0.0316956
0.031313
0.0307464
0.031281
0.0328367
0.0315787
0.0308971
0.028436
0.0330108
0.0312776
0.0330924
0.0327634
0.0347208
0.0324508
0.0324717
0.0315648
0.0309316
0.0310047
0.0294708
0.0298285
0.0290513
0.0310598
0.0307856
0.0323901
0.0318192
0.0309719
0.0313355
0.0308182
0.0313141
0.0320567
0.031627
0.0328181
0.0325595
0.0300164
0.0305506
0.0314319
0.0330464
0.0320528
0.0310724
0.0318814
0.0327003
0.0346817
0.0293782
0.0319876
0.0316624
0.0311084
0.0292439
0.0306455
0.0298514
0.0335254
0.0317274
0.0311487
0.032298
0.0306145
0.0320365
0.0323597
0.030376
0.029696
0.0310363
0.0301782
0.0325446
0.0296869
0.0326551
0.0328606
0.0299237
0.0303545
0.0334374
0.0327
0.0325306
0.0312301
0.0295301
0.0283623
0.0294483
0.03109
0.0324771
0.0333152
0.0318209
0.0339784
0.0339232
0.0345102
0.0295611
0.0319582
0.0313639
0.0357848
0.0319198
0.0302839
0.0325239
0.0320473
0.0304943
0.0301916
0.0315208
0.0301835
0.0311883
0.0315205
0.0323937
0.0320524
0.0312294
0.032941
0.0308332
0.0321435
0.0317361
0.0309525
0.0317983
0.0299819
0.0319991
0.0321948
0.0291508
0.0305683
0.0323875
0.0292295
0.0329528
0.0308004
0.0307989
0.0312647
0.0307992
0.0309476
0.0340861
0.0323909
0.0314581
0.0307487
0.0337928
0.0317666
0.0335027
0.033898
0.0314925
0.0305232
0.0296444
0.0316312
0.0319293
0.0294241
0.0331207
0.0280452
0.0331526
0.032527
0.0308344
0.0333271
0.0315809
0.0318432
0.0313289
0.0325282
0.0317774
0.031778
0.0316956
0.0324133
0.0333791
0.0317929
0.0329605
0.031935
0.0296034
0.0335758
0.034039
0.0319544
0.0332931
0.0332023
0.0346074
0.0328429
0.0311938
0.0318763
0.0317334
0.0302359
0.0340491
0.0306204
0.0327319
0.0316554
0.0334937
0.03288
0.0304359
0.031296
0.0344921
0.0306855
0.03164
0.0299003
0.0307222
0.0348684
0.0353852
0.029471
0.0326649
0.0323843
0.031482
0.0293747
0.0311865
0.0315701
0.0320402
0.0316337
0.0318934
0.0334247
0.0319421
0.0316102
0.0314145
0.0333652
0.0316085
0.0317747
0.0294982
0.0315095
0.0317811
0.0305105
0.0309989
0.0321994
0.0303113
0.0324882
0.0282795
0.0315799
0.0301774
0.0314053
0.032946
0.0299522
0.0303782
0.0330145
0.0291809
0.0334281
0.032213
0.0300877
0.0291979
0.0317213
0.0314159
0.0348269
0.0310546
0.0311797
0.0295251
0.0288605
0.0300718
0.0324543
0.0329148
0.0345194
0.0304433
0.0291319
0.0307768
0.0318635
0.0313814
0.031232
0.0364972
0.0302688
0.0310861
0.0317604
0.0308557
0.0346106
0.028808
0.0310486
0.0342283
0.032716
0.0323495
0.0318748
0.0351173
0.0313312
0.0294705
0.0301044
0.0322229
0.0313678
0.0322461
0.0302558
0.0319681
0.029539
0.0343688
0.0323685
0.0308485
0.0307661
0.0313693
0.0307921
0.0292656
0.028177
0.0305336
0.0303181
0.0341329
0.0337563
0.0311701
0.0319279
0.0321132
0.0310532
0.0321056
0.0327781
0.0316188
0.0297465
0.0313914
0.0297469
0.0321434
0.0313972
0.0333977
0.0325527
0.0305515
0.0303324
0.03172
0.0308281
0.032699
0.0362698
0.0309652
0.0316507
0.033344
0.0319903
0.0311477
0.0320414
0.0306923
0.0337963
0.0337627
0.0286208
0.0299678
0.0322394
0.0345319
0.0331709
0.0325804
0.0313544
0.0310569
0.0342232
0.0318078
0.0332985
0.0306469
0.0287792
0.0309545
0.0320534
0.031205
0.0323271
0.0344266
0.0333619
0.0301724
0.0303914
0.0309277
0.0311194
0.0306881
0.0344805
0.0301898
0.0334959
0.0309452
0.031586
0.0334667
0.0290856
0.0319897
0.0341039
0.0320211
0.0317311
0.0328233
0.0278357
0.0346834
0.0317681
0.0312217
0.034349
0.0331588
0.0300411
0.0311892
0.0361567
0.0295917
0.0317697
0.0305656
0.0317871
0.0311552
0.0306083
0.0316293
0.0312418
0.0322986
0.0312987
0.0326883
0.0308403
0.0325299
0.0317726
0.0320728
0.0341553
0.0308973
0.0320693
0.031596
0.032158
0.0326244
0.0287953
0.0310477
0.0307016
0.02964
0.0314437
0.0316583
0.0321459
0.0314566
0.0325977
0.0291775
0.0329589
0.0334281
0.032025
0.0299873
0.0326672
0.0337802
0.0319771
0.0318837
0.0341389
0.0319724
0.0354732
0.0316019
0.0322007
0.032466
0.0306329
0.0318624
0.0315451
0.0334786
0.0328807
0.0303962
0.0307221
0.0316922
0.0317321
0.0298071
0.0328204
0.0323574
0.0313849
0.029033
0.0313544
0.0328888
0.0351009
0.0318458
0.0323539
0.030516
0.0334986
0.0331253
0.0318589
0.0315082
0.0303368
0.02957
0.0321598
0.0311676
0.0315405
0.0294157
0.0281089
0.0314781
0.0311088
0.0352174
0.0312131
0.0299856
0.0327503
0.0311924
0.0347015
0.0317729
0.0300761
0.030322
0.0337211
0.0294511
0.0306285
0.0296379
0.0290152
0.0293663
0.0310043
0.0298203
0.0314546
0.0300458
0.0314163
0.0340268
0.0333418
0.0310438
0.0289468
0.0324299
0.0316038
0.0305944
0.029524
0.0312489
0.0301123
0.0301149
0.0311933
0.0303622
0.0314784
0.0317315
0.0326138
0.0309486
0.0339667
0.0319713
0.0293989
0.0330109
0.0317471
0.0325625
0.0340387
0.0332449
0.0317772
0.0332797
0.0294906
0.0327372
0.028192
0.0309293
0.0290843
0.0315156
0.0324587
0.0297935
0.0308888
0.0313173
0.0344694
0.0316968
0.0325737
0.0338701
0.0318091
0.0294632
0.0321239
0.0333172
0.030107
0.0328435
0.0326246
0.032842
0.0332203
0.0334171
0.0317312
0.0324253
0.0316682
0.0302118
0.0303037
0.0321163
0.0306246
0.0331342
0.0309727
0.0343435
0.031753
0.0314744
0.0315274
0.0320209
0.0315191
0.0306129
0.0320424
0.0305603
0.0324898
0.0330357
0.0317134
0.0299506
0.0320558
0.031617
0.0307284
0.0307272
0.0331121
0.0333587
0.0311437
0.0321264
0.0314369
0.030891
0.0332199
0.0304431
0.031757
0.0334805
0.0291692
0.0316004
0.0341465
0.0302498
0.0316652
0.0320399
0.031316
0.0324703
0.0322282
0.0311724
0.0317787
0.0315292
0.0331617
0.0331207
0.0341394
0.0296233
0.0324623
0.0306162
0.033447
0.0334621
0.031914
0.0339498
0.0320868
0.0325256
0.031205
0.0295603
0.0302868
0.0312095
0.0333372
0.0292255
0.0297777
0.0301942
0.0327259
0.0310976
0.0320004
0.0311401
0.0315315
0.0306282
0.0329887
0.0302714
0.0307175
0.0349956
0.030769
0.031242
0.0332113
0.0298002
0.032866
0.0311527
0.032564
0.0294058
0.0337341
0.0286059
0.0326813
0.0317146
0.0313368
0.0319389
0.0299462
0.0343779
0.0330346
0.0325287
0.033818
0.0315282
0.0328681
0.032554
0.0317511
0.0315226
0.027849
0.0308047
0.0309993
0.0284979
0.0295908
0.0301569
0.0322687
0.0306336
0.0317555
0.0321385
0.0325151
0.0314793
0.035612
0.0305462
0.0343172
0.0321661
0.0320059
0.0312558
0.0316399
0.0296924
0.0326358
0.0291671
0.0314832
0.0288151
0.0302352
0.0328995
0.0311925
0.0295455
0.0330935
0.030873
0.0309818
0.0319427
0.0306581
0.0301366
0.0314888
0.0316081
0.0300308
0.0295254
0.033713
0.0304441
0.0328133
0.0299141
0.0319594
0.0313521
0.0317298
0.0302551
0.0321505
0.0316241
0.0336389
0.029622
0.0311741
0.031689
0.0322993
0.0332191
0.0303123
0.0310321
0.029957
0.0324431
0.0316178
0.0289929
0.0322759
0.0330655
0.0310921
0.0325452
0.0291409
0.0320832
0.0322516
0.0288769
0.030983
0.0284194
0.0280783
0.0315006
0.031759
0.030675
0.0312244
0.03381
0.0302157
0.031436
0.03298
0.0341694
0.0311542
0.0340385
0.030408
0.0312505
0.0308359
0.0314909
0.0330299
0.0326623
0.0313065
0.0325205
0.0325587
0.0329323
0.0308684
0.0314763
0.0309971
0.0319369
0.0311466
0.0331571
0.034458
0.0344968
0.0302167
0.0302429
0.031747
0.0317221
0.030733
0.0313993
0.0295033
0.0341035
0.0307665
0.0293248
0.031373
0.0319525
0.0332794
0.0313868
0.0319302
0.0325472
0.0324223
0.0310894
0.0322889
0.0339208
0.0344028
0.0311435
0.0312922
0.0323593
0.03076
0.0323791
0.0305756
0.0309596
0.0308957
0.0284733
0.0305605
0.0322117
0.0304481
0.0318899
0.0314681
0.0342082
0.0329965
0.0291134
0.0309663
0.0292187
0.0343712
0.0321626
0.0297202
0.0315262
0.0299192
0.0313572
0.0322639
0.0300804
0.0338078
0.031177
0.0315875
0.0334082
0.0330146
0.0309995
0.0305788
0.0303473
0.0312353
0.0309199
0.0306705
0.0311892
0.0290186
0.032221
0.0316879
0.0336525
0.0316158
0.0301464
0.0299112
0.0327399
0.0318427
0.033217
0.0298898
0.0346277
0.0309965
0.0308642
0.0302561
0.0317551
0.0306225
0.0323699
0.0318969
0.0281724
0.0318182
0.0314203
0.0306393
0.030169
0.0326537
0.0306432
0.0314286
0.0315577
0.0307385
0.0336023
0.030652
0.0294767
0.0328386
0.0324643
0.0336829
0.0326771
0.0322027
0.0330759
0.0323753
0.0310311
0.0302471
0.0325006
0.03541
0.0309864
0.0322453
0.031599
0.0335286
0.032072
0.0300286
0.0308342
0.0330281
0.0299918
0.0317773
0.0315277
0.0323219
0.0313343
0.0291373
0.0340228
0.0300455
0.0333272
0.0310296
0.0328888
0.0323103
0.0294737
0.0299837
0.0335265
0.0305244
0.032117
0.0309332
0.0314598
0.0310194
0.030447
0.0314502
0.0329874
0.0357792
0.0319193
0.0312373
0.0317341
0.033548
0.029774
0.0308093
0.0322948
0.0305861
0.0318118
0.0318784
0.0327503
0.03211
0.0314016
0.0292589
0.0327241
0.0323378
0.0297074
0.0332723
0.0346199
0.0343463
0.0341619
0.0317817
0.0290218
0.031395
0.0308456
0.0294002
0.034014
0.029549
0.0322365
0.0338788
0.0308738
0.0307866
0.0305139
0.0320128
0.0316346
0.0308639
0.0315729
0.0330385
0.031143
0.0316867
0.0306343
0.0325162
0.0314262
0.0318043
0.0323544
0.0321913
0.0297972
0.0328261
0.0327775
0.0315567
0.032401
0.0296042
0.0327205
0.0309919
0.0302805
0.0327015
0.0342578
0.0307394
0.0298441
0.0328142
0.0318542
0.0305196
0.0322723
0.032007
0.0311227
0.0324526
0.0309586
0.0331031
0.0328066
0.0307642
0.0325868
0.0320093
0.0311997
0.0302021
0.0312102
0.0333094
0.0317925
0.0314582
0.0299367
0.0326905
0.0329697
0.0315126
0.0293725
0.0288967
0.0309427
0.0315598
0.0332202
0.031674
0.0291923
0.0298187
0.0300339
0.030862
0.0311228
0.0313669
0.0278138
0.0322971
0.0312695
0.032666
0.0335468
0.0331027
0.0331764
0.0298902
0.0309995
0.0321056
0.0305299
0.0315292
0.0287872
0.0314522
0.0314088
0.0279157
0.0320026
0.0316659
0.0305211
0.031049
0.0328814
0.0314581
0.0313464
0.0315824
0.0313368
0.0319975
0.0303259
0.0314971
0.0348499
0.0299288
0.0316468
0.0316263
0.0343702
0.0306486
0.0315543
0.0305497
0.0299849
0.0306864
0.032493
0.030488
0.0307349
0.0328426
0.030114
0.0311309
0.0303881
0.0336591
0.0331514
0.0331466
0.0295215
0.0335045
0.0321732
0.031389
0.0340504
0.030315
0.0329743
0.0326176
0.0340035
0.0322189
0.034666
0.0314983
0.0298221
0.0298122
0.031813
0.0307101
0.0327579
0.0311552
0.0329248
0.0308137
0.0326508
0.031112
0.0307504
0.0300868
0.0349752
0.0310773
0.0299297
0.0315518
0.0308897
0.0326228
0.0299529
0.0300854
0.0313178
0.0305159
0.0307136
0.0293975
0.0319308
0.0290091
0.0312522
0.0340589
0.0285771
0.0316723
0.0295934
0.0330849
0.0336353
0.0300373
0.0317348
0.029209
0.0321832
0.0301389
0.0313088
0.0305205
0.0294034
0.0322684
0.0307756
0.0322262
0.0334028
0.0297944
0.0325839
0.0335193
0.0298724
0.0331056
0.0319492
0.0312664
0.0305269
0.030263
0.0311789
0.0304185
0.0320601
0.0325884
0.0302675
0.0305087
0.0316629
0.0343405
0.0308978
0.031922
0.0296365
0.0315331
0.0298569
0.031063
0.0309457
0.0329036
0.0326186
0.0339476
0.0319115
0.0304365
0.0288049
0.0305721
0.0279892
0.0303566
0.032473
0.0302938
0.0332499
0.0303419
0.0310168
0.0320262
0.031251
0.0314033
0.0321939
0.0299217
0.032513
0.0314584
0.0323054
0.0305898
0.0298546
0.0283441
0.0321233
0.0315906
0.0327642
0.032666
0.0313454
0.0323613
0.0308078
0.0303277
0.0289408
0.0323225
0.0325021
0.032686
0.0320094
0.0315273
0.0304991
0.0330976
0.0307937
0.0329558
0.031052
0.0305691
0.0318959
0.029848
0.0319315
0.0326114
0.0313555
0.0324823
0.0346753
0.0336391
0.0335984
0.0319478
0.0302789
0.0315607
0.0298856
0.0301037
0.0327535
0.0309824
0.0338372
0.0310843
0.032122
0.0305639
0.0318535
0.0318311
0.0353592
0.0322633
0.0309256
0.0331126
0.0309276
0.0311137
0.0309471
0.0306074
0.0311172
0.0320401
0.0333606
0.0333996
0.0342191
0.0302037
0.031927
0.0302882
0.0298835
0.0318709
0.0345081
0.0308371
0.0313304
0.0300572
0.0319172
0.0309641
0.0308434
0.0299403
0.0324203
0.0298488
0.0294443
0.0337198
0.0317135
0.0281897
0.0326598
0.0308033
0.031682
0.0297168
0.0305084
0.0318162
0.030276
0.0304036
0.0288359
0.0314198
0.0317423
0.0318232
0.0312576
0.0324789
0.0320025
0.0309968
0.0335522
0.0302569
0.0293926
0.0316165
0.0311123
0.0330822
0.033403
0.0311178
0.0334694
0.0329008
0.0315261
0.0314835
0.0339034
0.030523
0.0339554
0.0334046
0.0294578
0.0306147
0.033347
0.033264
0.0338336
0.0303836
0.030083
0.0318846
0.0311125
0.031413
0.030002
0.0325052
0.0317185
0.0309598
0.0321338
0.0299632
0.0331917
0.0325493
0.0334291
0.0322413
0.0300697
0.0339114
0.0303581
0.0292532
0.0299488
0.0331319
0.0320338
0.0316238
0.0297056
0.029883
0.0328454
0.0318672
0.031554
0.030731
0.0322661
0.0331444
0.0307353
0.0306886
0.030147
0.0324818
0.0331954
0.0307819
0.0325456
0.0326525
0.0345524
0.0338589
0.0327851
0.0306762
0.0303196
0.0357983
0.0317126
0.0309608
0.0310871
0.0338337
0.0323065
0.0317635
0.0308118
0.0311789
0.0339556
0.0307379
0.0308372
0.0302402
0.0334272
0.032345
0.0307464
0.0304329
0.0325851
0.0326702
0.031617
0.0341959
0.0326959
0.0317175
0.0324616
0.0295819
0.0299768
0.0330867
0.0337369
0.0326906
0.0329246
0.0313742
0.0298336
0.0360664
0.0321986
0.03178
0.0290955
0.0335871
0.0326756
0.032327
0.0294142
0.0317646
0.0353542
0.0314556
0.0323977
0.0338983
0.0329268
0.0317852
0.0307563
0.0306173
0.0326097
0.0316071
0.0315397
0.0319175
0.0297199
0.0305831
0.0349184
0.0315376
0.0313835
0.0338541
0.0298347
0.0321625
0.0351309
0.0309063
0.0302882
0.0314131
0.0320043
0.0315054
0.0296573
0.0305619
0.030082
0.0299341
0.0316644
0.0327104
0.0298563
0.0309672
0.0330753
0.0309964
0.0286189
0.0299869
0.0320315
0.0296644
0.0313929
0.0316795
0.029161
0.0338241
0.0307978
0.0330652
0.0326661
0.0321532
0.0317131
0.0320039
0.0322003
0.0321761
0.0327453
0.0291871
0.0322859
0.0309885
0.0331585
0.0330232
0.0329168
0.0322858
0.0299188
0.0297093
0.031533
0.0290662
0.0301318
0.0310891
0.0320607
0.0321506
0.0287345
0.030577
0.0333255
0.0319085
0.0322085
0.0303686
0.0318757
0.0324347
0.0306752
0.031115
0.0300075
0.030363
0.0322133
0.031943
0.0320218
0.0349417
0.0323222
0.0307
0.0320449
0.0313491
0.0326626
0.0337499
0.0316132
0.0343176
0.0337483
0.0310947
0.0323991
0.0338619
0.0312024
0.0287228
0.0316975
0.0305981
0.0318245
0.0315514
0.0291564
0.0306168
0.0342805
0.0308691
0.0330055
0.0347516
0.031525
0.0342345
0.0313273
0.0310261
0.0319222
0.0309367
0.0324465
0.0312628
0.0326132
0.031685
0.03317
0.0320566
0.0322598
0.0323896
0.031023
0.0294803
0.0293728
0.0333543
0.0323678
0.0324464
0.0290386
0.0285254
0.0329351
0.0320157
0.0283224
0.0305862
0.0326199
0.033892
0.0307554
0.0334259
0.0331104
0.0308277
0.032123
0.032021
0.0291422
0.0283078
0.033285
0.0295869
0.0318691
0.0295292
0.0277341
0.0317051
0.0314269
0.0317817
0.0319736
0.0317338
0.0335921
0.0327023
0.0317212
0.0307424
0.0321481
0.0290743
0.0334668
0.0312318
0.0312918
0.0307662
0.0292851
0.0314256
0.0327825
0.0332745
0.0329432
0.0332873
0.0305044
0.0297969
0.0325872
0.0297667
0.0336187
0.0311462
0.0301669
0.0317432
0.029439
0.0318436
0.0312952
0.0352949
0.0316933
0.0284582
0.0321265
0.0301672
0.034476
0.030061
0.0322284
0.031731
0.0310678
0.0320941
0.0340266
0.0334682
0.0302036
0.0314085
0.0334646
0.0310277
0.0335552
0.0310565
0.0329345
0.033193
0.0316793
0.035131
0.0298974
0.0319316
0.0327346
0.0332207
0.0326616
0.0325369
0.0320794
0.0283877
0.0319725
0.0305568
0.0329893
0.0312293
0.0314073
0.0311456
0.0330599
0.0345079
0.0294541
0.0327387
0.0318851
0.0327946
0.0270502
0.0335108
0.0325635
0.0309
0.0301862
0.0330143
0.0311289
0.0283766
0.0308187
0.0318389
0.0312889
0.0312717
0.0322524
0.0332436
0.0321097
0.0318436
0.032038
0.0322482
0.0299112
0.0318204
0.032467
0.029482
0.0303529
0.0334504
0.031859
0.0346255
0.0327899
0.029133
0.0333251
0.0312713
0.0294626
0.0321961
0.032232
0.0313477
0.0340548
0.0319524
0.0315718
0.0310992
0.031635
0.030914
0.0312435
0.0323289
0.031916
0.0308957
0.0348867
0.0323103
0.0312868
0.0298381
0.032938
0.0318338
0.0320905
0.0313446
0.0323917
0.0349182
0.0300119
0.0317106
0.0330759
0.0342188
0.0336363
0.0283863
0.0300094
0.033459
0.032845
0.0340626
0.0336981
0.0283064
0.0314769
0.0298035
0.0317372
0.0327837
0.0305793
0.0293987
0.0310338
0.0310601
0.0303043
0.0316631
0.0315902
0.0307177
0.0325238
0.0320134
0.0328324
0.0323155
0.0327226
0.0308865
0.0302435
0.0294521
0.0310932
0.0338875
0.0305376
0.0297145
0.0298394
0.0325682
0.033104
0.031496
0.029529
0.0316106
0.0345426
0.0304211
0.0319749
0.0332891
0.031021
0.0319978
0.0313447
0.0322901
0.033195
0.029871
0.0318538
0.0328086
0.030125
0.0300398
0.033464
0.0333567
0.0322434
0.0318363
0.0320023
0.0314246
0.0312187
0.0321777
0.033987
0.0315578
0.0312303
0.0320613
0.0320055
0.0303159
0.0302829
0.0327424
0.0325155
0.0337736
0.0306119
0.0298707
0.032629
0.032969
0.0328875
0.0322193
0.0327818
0.0290865
0.0314108
0.0322773
0.0279513
0.031153
0.0286328
0.0321534
0.0330335
0.0351114
0.0319541
0.0317829
0.0321108
0.0326364
0.0296745
0.0313503
0.0328867
0.0324594
0.0330498
0.0338393
0.0331981
0.0307035
0.0315138
0.032443
0.031374
0.0334852
0.0302598
0.0317968
0.0325642
0.033592
0.0308909
0.0326748
0.0328369
0.0325586
0.033088
0.0305976
0.0306089
0.0312238
0.0318159
0.0333669
0.0327929
0.0312383
0.0325116
0.0323721
0.0325646
0.0313337
0.0315575
0.0333881
0.0299285
0.0291974
0.0320763
0.0312282
0.033188
0.0284865
0.030936
0.0313512
0.031668
0.0292318
0.0341281
0.0311079
0.0293846
0.0325443
0.0343002
0.0311549
0.030771
0.0315222
0.0310078
0.0318934
0.0284249
0.0308537
0.0315797
0.029417
0.0320671
0.0312312
0.0323537
0.0310902
0.0304029
0.0331612
0.0324883
0.0303695
0.0317106
0.0326645
0.03007
0.0323372
0.0310445
0.0311557
0.0321634
0.030612
0.0316567
0.0300627
0.0327285
0.031982
0.0339705
0.0300472
0.0321044
0.0325317
0.0319356
0.0330052
0.0297075
0.0335327
0.0334307
0.0321877
0.0304235
0.0317776
0.0330222
0.0329406
0.0308517
0.0324424
0.0292555
0.0303995
0.0321631
0.0318559
0.0282502
0.03089
0.0324815
0.0311668
0.0323032
0.0326572
0.0299684
0.0296581
0.0335112
0.0328268
0.0312523
0.0311652
0.0290349
0.0276084
0.0299988
0.0309475
0.035249
0.0329155
0.0313822
0.0315474
0.0307863
0.0327506
0.0309655
0.0315906
0.0304
0.0311768
0.030733
0.0330987
0.0331938
0.0324385
0.0344512
0.0300351
0.0300791
0.0305267
0.0315458
0.0327946
0.0318602
0.0297838
0.0307112
0.0332849
0.033666
0.0305205
0.0331398
0.0339422
0.0299773
0.0307395
0.0308381
0.0332804
0.0331216
0.0337047
0.0293217
0.0333353
0.0288746
0.0311037
0.028906
0.0314033
0.0299907
0.0293718
0.0328436
0.03272
0.032861
0.0326394
0.0326798
0.030809
0.0297988
0.0307034
0.0323983
0.0342879
0.0295441
0.0315191
0.0320212
0.029603
0.03078
0.0316762
0.0294886
0.0314876
0.0308141
0.0355893
0.0296913
0.030651
0.0325918
0.0289011
0.0336244
0.0314081
0.030051
0.0298433
0.0318815
0.0305282
0.0306772
0.0307477
0.0331867
0.0303624
0.0311978
0.0308073
0.0310199
0.0309825
0.030224
0.0333471
0.0320671
0.0316067
0.0335752
0.0333552
0.0308947
0.032015
0.0306688
0.0328375
0.0323806
0.03175
0.0310906
0.0318283
0.033007
0.0311478
0.0342568
0.0331887
0.029263
0.0304411
0.0330198
0.0318282
0.0329334
0.0302765
0.0331291
0.0328517
0.0325156
0.0324956
0.0315651
0.0313764
0.0304045
0.0291372
0.0308918
0.0303502
0.031944
0.0332552
0.0331957
0.032825
0.0322551
0.0302052
0.0317422
0.0309629
0.0333826
0.030651
0.0300809
0.0311923
0.0327911
0.0337683
0.0311676
0.0338115
0.0322852
0.0301699
0.0293259
0.0320833
0.0295457
0.0335446
0.0327586
0.0325675
0.0304831
0.0328095
0.0314071
0.0335903
0.0301577
0.0329417
0.0330176
0.029879
0.0339238
0.0307765
0.0317021
0.0332819
0.0316202
0.0321345
0.0343014
0.0300213
0.0305478
0.0284885
0.0302193
0.0325867
0.0322155
0.0335798
0.0331993
0.0303334
0.0308336
0.0299391
0.0320699
0.032244
0.0332277
0.0309905
0.0330512
0.034117
0.0325235
0.0290986
0.0340327
0.0288781
0.0291765
0.0314878
0.0317937
0.0335451
0.0323819
0.0316156
0.0301584
0.0320239
0.0327639
0.0316594
0.0306029
0.0318289
0.0312065
0.0303384
0.0331732
0.032353
0.0299389
0.0310008
0.0297726
0.0301907
0.0335077
0.0304059
0.0301952
0.0306365
0.0308832
0.0321715
0.0310341
0.0303559
0.0326557
0.0287699
0.0292253
0.0321568
0.031967
0.0323782
0.0283709
0.030447
0.0336547
0.0317565
0.0292684
0.0318977
0.0320252
0.0314536
0.03275
0.0330486
0.0306058
0.0308461
0.0312256
0.0327032
0.0298476
0.0299296
0.0321603
0.031432
0.030578
0.028803
0.0320187
0.0312627
0.0294361
0.0331948
0.0326992
0.0314235
0.0300572
0.0360831
0.03041
0.0300395
0.0350852
0.0323352
0.0322814
0.0336028
0.0301941
0.0336785
0.032631
0.0316462
0.0320864
0.0322225
0.0308777
0.0314082
0.0335752
0.0310186
0.0317447
0.0311462
0.0335976
0.0311653
0.030458
0.0320031
0.0311964
0.0319991
0.0319153
0.031854
0.0310963
0.0293285
0.032791
0.0317509
0.0331909
0.0287959
0.032416
0.0313352
0.0306673
0.0335538
0.0309844
0.0316941
0.0307
0.0310409
0.0318516
0.0315153
0.0298986
0.0318432
0.0302421
0.0326524
0.0309467
0.0304868
0.0344815
0.0295674
0.0333289
0.0312864
0.032034
0.0310233
0.0304158
0.0305477
0.0319902
0.0291426
0.0319123
0.0309802
0.0319877
0.0329753
0.0332228
0.0313771
0.0332752
0.0349676
0.0299691
0.0296997
0.0320213
0.029567
0.0325094
0.0309039
0.0309743
0.0349796
0.0311025
0.0335348
0.0308396
0.0300649
0.031898
0.0323484
0.0298146
0.0302378
0.0324699
0.031564
0.0308224
0.0326651
0.0308922
0.0321181
0.0346551
0.0318313
0.0315196
0.0318821
0.0290867
0.0312288
0.0317504
0.0344453
0.0330689
0.03259
0.0324963
0.0327157
0.031645
0.0320783
0.030862
0.0332128
0.0316282
0.0323489
