0.0419311
0.0288291
0.030291
0.0265562
0.0425406
0.037017
0.030124
0.0409568
0.0312648
0.0304687
0.0389291
0.0395969
0.032136
0.0376555
0.0373902
0.0344591
0.0308467
0.0471616
0.0382276
0.0312262
0.0453968
0.0303226
0.031458
0.0426032
0.0356806
0.0427332
0.0459241
0.0394275
0.0334986
0.0337433
0.0311561
0.0462909
0.0344775
0.0367766
0.0366775
0.040621
0.0458432
0.0370789
0.0403565
0.0343103
0.0382453
0.0427985
0.0381104
0.0426058
0.0430166
0.0359852
0.0393381
0.0373584
0.0438493
0.0357024
0.042489
0.0354445
0.0334999
0.0397502
0.0398687
0.0422072
0.033277
0.0447864
0.0337403
0.034878
0.0297389
0.0417806
0.0396643
0.0445753
0.0383756
0.0466788
0.0346381
0.046156
0.045419
0.0476163
0.0429266
0.0398458
0.0365415
0.0353693
0.0479706
0.0454401
0.0389179
0.0434357
0.0389344
0.0316251
0.0452541
0.043204
0.0447224
0.0376101
0.0390054
0.0398396
0.0362326
0.0373462
0.0380886
0.04416
0.0319938
0.0429268
0.0393942
0.0394209
0.0354187
0.040734
0.0372517
0.0350334
0.0445422
0.0284627
0.0391937
0.0340007
0.0394631
0.038419
0.0421547
0.0465165
0.0447933
0.0435825
0.0387601
0.0463183
0.0328446
0.0266206
0.0403001
0.0362877
0.043112
0.0440083
0.03974
0.0399897
0.0421802
0.0345962
0.033173
0.0347529
0.0417965
0.0439207
0.0396113
0.0394642
0.0418446
0.0403984
0.0425349
0.0414598
0.0349105
0.0364069
0.0414005
0.0345981
0.0338959
0.0350454
0.0400083
0.0277923
0.042777
0.0379417
0.041845
0.0474115
0.0344037
0.0487793
0.0412701
0.0449407
0.0315923
0.043797
0.0458161
0.0369385
0.0431138
0.0418493
0.0439238
0.0320758
0.0462869
0.0448408
0.0289414
0.0333512
0.0458847
0.0417861
0.0299297
0.0464596
0.0298191
0.0380142
0.0291076
0.0328023
0.0400895
0.0415618
0.0430704
0.0322981
0.0284452
0.0371427
0.0359901
0.0450819
0.0424377
0.0352778
0.0402387
0.0325409
0.0489719
0.0316265
0.0349623
0.040305
0.0404335
0.0353248
0.0332958
0.0300363
0.0347731
0.0409251
0.0340954
0.0395465
0.0354592
0.0318466
0.0311138
0.0347638
0.0308954
0.0457898
0.0448654
0.0445314
0.040914
0.033769
0.0441168
0.0450257
0.0323656
0.0436923
0.0312702
0.0271191
0.0398215
0.0422622
0.0406776
0.0408325
0.0381425
0.0366399
0.0380361
0.0324061
0.0374165
0.0435902
0.0293332
0.0406581
0.0456511
0.0339021
0.03885
0.0307316
0.0447111
0.0389447
0.0333382
0.0350598
0.0307744
0.0414508
0.0419058
0.0341242
0.0457274
0.0408989
0.0375475
0.0348609
0.0377907
0.0451815
0.0328265
0.0396636
0.0362027
0.0327489
0.0349303
0.0384084
0.0382099
0.0356453
0.0404091
0.0335491
0.0344377
0.0387346
0.0411627
0.0439647
0.0470064
0.0422989
0.0381279
0.0454002
0.0419488
0.040677
0.0386969
0.0320226
0.0401566
0.042608
0.0317675
0.0431259
0.0427003
0.0332464
0.0431698
0.0327978
0.0308055
0.0373489
0.0414002
0.0428331
0.0390296
0.0440128
0.0465186
0.0468846
0.0426673
0.0469012
0.0396711
0.0474688
0.0362465
0.0403414
0.0416342
0.034579
0.0431438
0.0374011
0.0391438
0.0468264
0.0463198
0.0437253
0.0460182
0.0364547
0.0468034
0.0348026
0.0415221
0.038751
0.0397589
0.0371693
0.0423656
0.0434023
0.0416413
0.0430134
0.0419558
0.0444378
0.0462612
0.0453601
0.0372471
0.0443712
0.0411294
0.0395277
0.041873
0.031032
0.0333789
0.0354959
0.0432019
0.0273538
0.0427511
0.0307963
0.0387036
0.0372643
0.0430401
0.033715
0.0365228
0.0418612
0.0405041
0.0351854
0.0329782
0.0389127
0.0441247
0.0404083
0.0378689
0.029986
0.0429459
0.0376931
0.0347859
0.0390171
0.0373824
0.0422096
0.0357262
0.0299516
0.0314617
0.0372406
0.0366422
0.0374837
0.0314808
0.0388444
0.0371957
0.0402391
0.0366589
0.030026
0.0318921
0.0436744
0.0429227
0.0336309
0.0400492
0.0339323
0.0443599
0.0438031
0.0439915
0.0452717
0.0358636
0.0356671
0.0387154
0.0454589
0.0329516
0.0281756
0.0445317
0.0328368
0.0347302
0.0328161
0.0390137
0.0429067
0.0327224
0.0380103
0.036867
0.0408641
0.0383147
0.0433873
0.0393588
0.0347498
0.0407327
0.0444365
0.0329201
0.0378721
0.0384453
0.0393649
0.0405558
0.0440621
0.0474377
0.0437623
0.0465275
0.0410328
0.0444139
0.0363543
0.0312145
0.0387126
0.038292
0.0396132
0.0293071
0.0432137
0.0430354
0.0403184
0.0381091
0.0308393
0.033917
0.0384655
0.0457896
0.0447457
0.0458208
0.0368876
0.0469106
0.0388168
0.0367679
0.0349658
0.0353607
0.0433854
0.041187
0.0320137
0.0367253
0.0487731
0.0405575
0.0462257
0.0461009
0.0418206
0.0439295
0.0416789
0.0468104
0.0460793
0.032447
0.0407092
0.0389705
0.0440976
0.0428893
0.0294624
0.0351266
0.0386542
0.0335495
0.0435405
0.0355207
0.0408982
0.0341781
0.0407308
0.0292802
0.029169
0.0358703
0.0377266
0.0399751
0.0337963
0.0414236
0.0400107
0.0345475
0.0441181
0.0341679
0.048287
0.0364315
0.0317629
0.0385763
0.0428037
0.0401233
0.038014
0.0378323
0.0425184
0.047385
0.0360535
0.0413093
0.0448036
0.0448199
0.0412025
0.0411863
0.0276184
0.0396357
0.0415124
0.0359181
0.0429024
0.0397586
0.0325961
0.0406109
0.03922
0.0458472
0.038918
0.0433879
0.0385074
0.0311951
0.0387065
0.0404104
0.0361476
0.0416702
0.0474093
0.0454841
0.0336372
0.0386337
0.0439573
0.0396774
0.0359911
0.0269786
0.0389092
0.0321989
0.0422891
0.0374919
0.0280913
0.0337369
0.0265362
0.0420461
0.0386095
0.0270315
0.0454114
0.0472939
0.0348097
0.0444308
0.0460741
0.0434745
0.0365759
0.0318873
0.0466468
0.0331488
0.0373442
0.0312982
0.0396894
0.0411279
0.0420647
0.0458973
0.034182
0.0339864
0.0359211
0.0438179
0.0480889
0.0424274
0.0422462
0.0428772
0.0299831
0.0373629
0.0418776
0.0402951
0.0409745
0.0387223
0.0321021
0.0451689
0.0400358
0.0380796
0.0418793
0.0398862
0.0396446
0.0436033
0.0437671
0.040629
0.034019
0.0424324
0.0441532
0.028014
0.0295593
0.0341971
0.0445683
0.0357288
0.0336526
0.0331589
0.0355883
0.0413647
0.0383098
0.0322526
0.0401692
0.0438787
0.0345906
0.0390464
0.0350814
0.0406811
0.0326195
0.0369036
0.0464036
0.0400314
0.0392548
0.0412505
0.0313779
0.0336278
0.0399939
0.0383249
0.0384682
0.0364454
0.0385932
0.0377932
0.0403992
0.0425803
0.0434921
0.0354826
0.0362194
0.0481934
0.0350189
0.0403181
0.0399579
0.0395548
0.0329637
0.0414024
0.0334247
0.0354681
0.0383523
0.0258554
0.031281
0.0483675
0.0428918
0.0327128
0.0303017
0.0440715
0.0432583
0.0278677
0.0288843
0.0350366
0.0342065
0.0419094
0.031775
0.0411426
0.0405502
0.045822
0.0409091
0.0440983
0.0457568
0.0305107
0.0370805
0.0400171
0.0369938
0.0422192
0.0449203
0.0290926
0.0382028
0.0285779
0.0373597
0.0376551
0.0470155
0.0409914
0.0444381
0.0324888
0.0428994
0.0442446
0.0466463
0.044415
0.0430784
0.0368615
0.0347044
0.0359555
0.0342489
0.0435668
0.0427333
0.0415024
0.0390176
0.0374368
0.0453343
0.0345106
0.0295985
0.0413492
0.0389677
0.0373074
0.0321735
0.0358119
0.0457975
0.0418993
0.0351226
0.0377428
0.0399642
0.0468579
0.0385198
0.0406612
0.0289823
0.0400942
0.0363281
0.0281935
0.0412355
0.0429822
0.0366359
0.0317436
0.0322803
0.0438775
0.0387463
0.0407106
0.0428693
0.0367441
0.042807
0.0425579
0.0376819
0.0323369
0.031063
0.0388349
0.0352593
0.0362998
0.0378206
0.0376578
0.034666
0.0355671
0.0403025
0.0350231
0.0418618
0.0305956
0.0374083
0.0405183
0.0472294
0.0477155
0.042309
0.0390583
0.0444856
0.0444878
0.0387462
0.0467202
0.0405995
0.0374666
0.0422063
0.0434832
0.0416464
0.0319613
0.0411805
0.0325031
0.034062
0.0411426
0.0383016
0.0368997
0.0458712
0.043124
0.0346437
0.0367937
0.041206
0.0321486
0.0321916
0.0435322
0.0416116
0.0386297
0.0324108
0.0376161
0.0301427
0.0378913
0.0433411
0.0380492
0.034939
0.0397533
0.0341868
0.0428023
0.0299692
0.0439035
0.045582
0.0407583
0.044474
0.0443951
0.0365914
0.0364216
0.0317044
0.038068
0.035297
0.0400365
0.0316161
0.0432987
0.0346695
0.0389116
0.0458692
0.0395575
0.0375004
0.0471109
0.0361603
0.0420003
0.0426495
0.0358546
0.0253468
0.0343252
0.0447516
0.0458396
0.040468
0.0299135
0.0367522
0.0405525
0.0383826
0.043211
0.0407515
0.0419724
0.0386434
0.0352808
0.0415519
0.0368198
0.0394033
0.0327894
0.0431479
0.0344898
0.0376554
0.0437118
0.0444622
0.0302071
0.0377229
0.0298075
0.0357809
0.0310067
0.040662
0.0392099
0.0361339
0.0348302
0.0367719
0.0356161
0.0400293
0.0368061
0.0388021
0.0390529
0.0411026
0.0381874
0.0370382
0.0420412
0.0338136
0.0419651
0.0389515
0.0300015
0.0428455
0.041293
0.0375759
0.0291176
0.035947
0.0315582
0.0356165
0.0314783
0.0395155
0.0340104
0.0381547
0.0277591
0.0417688
0.0421715
0.0329789
0.0409727
0.0450298
0.0487385
0.0328989
0.0356762
0.0393636
0.0319616
0.0330798
0.0400942
0.0376303
0.0336606
0.0438464
0.0378587
0.0371346
0.0397472
0.0344746
0.0431738
0.0384879
0.0439883
0.0315198
0.0426676
0.0381457
0.0346755
0.0379879
0.0414423
0.0395441
0.041802
0.0329617
0.0402117
0.039411
0.0423654
0.0436228
0.0407232
0.0443119
0.0456375
0.0292566
0.0397922
0.034521
0.0439374
0.0406913
0.0333992
0.0280783
0.0389812
0.041775
0.0321339
0.0370301
0.0260185
0.0447097
0.0450672
0.0293153
0.0352995
0.0403021
0.0305611
0.0338501
0.0414152
0.0352265
0.0394612
0.0440863
0.043416
0.0442319
0.0395115
0.0360681
0.0395021
0.0438802
0.0410551
0.03507
0.0328187
0.0337353
0.0409312
0.044262
0.0401613
0.0431032
0.0436121
0.0359845
0.0433332
0.0381622
0.0424471
0.0386978
0.0382733
0.0419424
0.0369076
0.043656
0.0352844
0.0350262
0.0459363
0.0301285
0.0373137
0.0398701
0.0428348
0.0465367
0.0369554
0.0438727
0.0323266
0.0319968
0.0299584
0.0390843
0.0286802
0.0436381
0.0263401
0.0420922
0.040852
0.0344987
0.0417808
0.0427615
0.0416785
0.0406274
0.0294422
0.0297204
0.0396031
0.0434292
0.0451461
0.0393453
0.0404943
0.0402627
0.0268497
0.0385219
0.0330114
0.0395048
0.0369367
0.0376355
0.0453464
0.0355705
0.0391587
0.0420115
0.0304264
0.0341283
0.0421324
0.0435652
0.0451447
0.0466242
0.0381707
0.0324125
0.0454437
0.0462465
0.0378545
0.0294313
0.0310384
0.0305581
0.0450489
0.0417107
0.042086
0.0424972
0.0315518
0.0258873
0.0406764
0.0323004
0.0430171
0.0388673
0.034432
0.0364133
0.0473423
0.0337509
0.0416532
0.0430871
0.0422025
0.0449543
0.043206
0.0358761
0.0333926
0.03684
0.0312928
0.0449678
0.0405064
0.039055
0.0434621
0.043865
0.0438135
0.0369476
0.0407365
0.0283341
0.0400246
0.0341217
0.032501
0.0316219
0.0353003
0.0424481
0.0396095
0.0451289
0.0388825
0.0344776
0.0412686
0.0306423
0.0382815
0.0449292
0.0451838
0.0277935
0.0393191
0.0461992
0.0287118
0.0447225
0.0329035
0.0285714
0.0342451
0.046684
0.0326467
0.0374906
0.0394855
0.0329555
0.0463972
0.0443455
0.0343608
0.0344918
0.032205
0.0448158
0.0329019
0.0360998
0.0481212
0.0350648
0.0412112
0.0426625
0.0409503
0.0427156
0.0421777
0.0312742
0.0324381
0.0346522
0.0282265
0.0418241
0.0411919
0.0420454
0.039477
0.0385366
0.0445736
0.0342651
0.0407154
0.0416232
0.0303461
0.0386184
0.0322621
0.0419067
0.035441
0.0421277
0.0399627
0.0335288
0.0380043
0.0387066
0.0441451
0.0409001
0.0466793
0.0421104
0.0333316
0.0298994
0.0417881
0.0417302
0.0257866
0.0422624
0.0460158
0.0387122
0.036823
0.0459333
0.0408525
0.0430648
0.0392047
0.0407978
0.0469953
0.0379778
0.0438895
0.038995
0.038121
0.0316661
0.0342574
0.0309855
0.0483377
0.0396889
0.0390404
0.0349791
0.0408522
0.0381952
0.040932
0.0324323
0.0328567
0.0317482
0.0306629
0.0460253
0.0394502
0.0443362
0.0426129
0.0307281
0.0371584
0.0393002
0.0468939
0.0401392
0.0398316
0.0345046
0.0283537
0.035989
0.0385119
0.0386453
0.0409419
0.0308967
0.0451279
0.0345403
0.0431312
0.0445083
0.0294795
0.0466249
0.0480862
0.0434694
0.0373723
0.041485
0.0372481
0.0324909
0.045103
0.0361836
0.0413849
0.0435347
0.0407904
0.0319392
0.0352041
0.0345882
0.0338267
0.0389046
0.0458493
0.0433246
0.0284405
0.0333154
0.0352088
0.0358556
0.0380395
0.0455321
0.0380431
0.0360915
0.0385972
0.0353275
0.0422938
0.0362313
0.0288961
0.0395707
0.0416134
0.0387568
0.0416857
0.0343818
0.0300766
0.0399745
0.0346875
0.033745
0.0404996
0.0430223
0.0425581
0.0336247
0.0431707
0.0275083
0.0369778
0.0322534
0.0405045
0.0367979
0.0355442
0.0441067
0.033663
0.0482216
0.0267727
0.0477606
0.0457548
0.0428901
0.0452012
0.0417731
0.0308586
0.0389754
0.0406453
0.0334514
0.0376476
0.0435887
0.0360397
0.0417132
0.0398713
0.0330321
0.0387986
0.0412149
0.0453479
0.0433731
0.0409723
0.0409362
0.0413809
0.0336088
0.0358087
0.0343599
0.0391014
0.0409448
0.0439014
0.0317659
0.0364575
0.0273946
0.0452429
0.0409568
0.0418742
0.0325832
0.0446669
0.0403624
0.0371343
0.0403032
0.0398288
0.0393256
0.042263
0.0411306
0.0471214
0.0403447
0.0422628
0.0391369
0.0312001
0.0360537
0.0432249
0.0450226
0.0435111
0.0396094
0.0456887
0.0280208
0.0338019
0.0356007
0.033425
0.0380429
0.0340563
0.0467647
0.0318238
0.0411251
0.0447229
0.0472728
0.0390735
0.0448671
0.0319577
0.0378725
0.0271371
0.0441648
0.0430672
0.0403455
0.0398632
0.0421837
0.0413906
0.0417669
0.0404294
0.0274841
0.0395424
0.0328401
0.0395356
0.0467705
0.0413561
0.0342053
0.0436649
0.0415678
0.0371982
0.0384617
0.030669
0.04064
0.0395802
0.0344053
0.0380864
0.0347644
0.0450493
0.0316884
0.0401883
0.0434505
0.0437558
0.0307456
0.0350656
0.0465805
0.03682
0.0300999
0.0438427
0.0326049
0.0346796
0.0358579
0.0420883
0.0405239
0.0428115
0.0447509
0.0371027
0.0325765
0.0467432
0.0400185
0.0381789
0.0438982
0.0436843
0.0396882
0.0348954
0.0463633
0.033699
0.0460821
0.0376198
0.0408873
0.0329527
0.0347933
0.0359985
0.0268455
0.0435125
0.0410644
0.0308084
0.0362324
0.0338398
0.0430771
0.0406098
0.0424636
0.029358
0.0465481
0.0397009
0.0344353
0.0469996
0.042368
0.0436836
0.0430099
0.0463944
0.0399292
0.0284577
0.0446721
0.0458372
0.0376444
0.0343897
0.0324172
0.0427984
0.0451671
0.0456888
0.0321313
0.0345402
0.0333262
0.0323288
0.0335848
0.0457445
0.0429816
0.0379993
0.0392447
0.0288783
0.0418033
0.0340788
0.0356261
0.0436163
0.0268977
0.0441847
0.0341553
0.0447954
0.0375051
0.0435805
0.0402773
0.0477593
0.0435244
0.0347296
0.0371365
0.0355224
0.0413753
0.0439395
0.0427919
0.0400147
0.0310186
0.0391264
0.0383145
0.0294098
0.0485025
0.0343264
0.0291508
0.033588
0.0390878
0.0476146
0.0354842
0.0338922
0.0404141
0.0425246
0.031419
0.0446158
0.0419891
0.0385198
0.0428315
0.0365902
0.0309099
0.031232
0.042645
0.0373131
0.027469
0.041926
0.0373601
0.0452042
0.0381354
0.0350224
0.0367413
0.0407361
0.0459571
0.0351557
0.0431812
0.0477383
0.0316935
0.0456552
0.0387307
0.034837
0.0357274
0.0396736
0.0387108
0.0330328
0.0319463
0.0291695
0.0434013
0.035599
0.0371572
0.0411821
0.0352071
0.0423781
0.0452399
0.0459584
0.034457
0.0266046
0.0300056
0.0376808
0.0421637
0.042913
0.0401722
0.0400187
0.0355857
0.0332647
0.0427574
0.0295007
0.0346416
0.0381522
0.0409545
0.0353477
0.0419959
0.0427168
0.0355319
0.0368989
0.0438141
0.0404567
0.0415843
0.0301449
0.0383843
0.0420334
0.0479071
0.0444014
0.0446138
0.0311345
0.0404522
0.0459597
0.0365889
0.0420096
0.0375841
0.0345221
0.0366781
0.0377874
0.031759
0.0438399
0.0410388
0.0476165
0.0338959
0.0445815
0.0424311
0.0440992
0.0359189
0.0433972
0.0390567
0.0409957
0.0341725
0.0360449
0.0424899
0.0403099
0.0441351
0.0462856
0.0335434
0.0342051
0.0314647
0.0397132
0.0425945
0.0316204
0.0419032
0.0430368
0.0343712
0.0341262
0.0422641
0.0330773
0.0371819
0.0399921
0.0341999
0.0285308
0.042986
0.0291426
0.0427399
0.0398291
0.0452987
0.0436441
0.0417226
0.0440467
0.0395573
0.0370709
0.0336532
0.0424546
0.0388077
0.0441237
0.0378023
0.0379036
0.0392882
0.0461282
0.0396606
0.0436073
0.0424532
0.0379392
0.0345199
0.0439615
0.0382015
0.0367712
0.0388696
0.0385637
0.0425623
0.0433096
0.0398258
0.0406983
0.0466928
0.0320637
0.0380376
0.0382417
0.0319266
0.0295688
0.0397556
0.0285418
0.0389604
0.0391
0.0397002
0.0394468
0.037928
0.0469184
0.0461484
0.0407088
0.0313537
0.0321451
0.0299448
0.0273805
0.0406965
0.0474307
0.0436646
0.0391781
0.0418198
0.0408569
0.0309487
0.0369917
0.0357434
0.0357434
0.0396513
0.0443888
0.0421197
0.041882
0.0427717
0.0292003
0.0463392
0.0420346
0.0348476
0.0393224
0.0415978
0.0361021
0.0343315
0.0326053
0.0360938
0.0327512
0.034571
0.0436718
0.0446678
0.038616
0.0414399
0.0280256
0.0424869
0.0434714
0.0314205
0.0388912
0.0468654
0.0405965
0.0352229
0.037803
0.0428831
0.0413736
0.0421941
0.0422944
0.0321903
0.036076
0.035998
0.0395271
0.0408609
0.0403824
0.0418513
0.0407702
0.0367993
0.041819
0.0462133
0.0400146
0.0423506
0.0417934
0.0407517
0.0440415
0.0442682
0.0318627
0.0319241
0.0337866
0.0438407
0.0277827
0.0432015
0.0421782
0.0426823
0.0408508
0.043159
0.0363384
0.0434035
0.0412352
0.0375771
0.0332246
0.0435333
0.0432562
0.0456469
0.0321128
0.041411
0.0371852
0.0329973
0.0389359
0.0331996
0.0366075
0.0379491
0.0394515
0.0278377
0.0473675
0.0313839
0.0471835
0.0373515
0.0366549
0.0403691
0.0344568
0.0434332
0.0447276
0.0464586
0.0390575
0.035615
0.0423506
0.0413103
0.0447875
0.0398411
0.0340182
0.0417776
0.0363178
0.0449148
0.0300104
0.0337414
0.0336354
0.0446164
0.0474789
0.0372485
0.0437122
0.042163
0.0475934
0.0389873
0.0467226
0.0344725
0.036367
0.0276892
0.0372734
0.04389
0.0312564
0.0432926
0.0427072
0.0284677
0.0269031
0.045154
0.0463797
0.0296111
0.0408314
0.0385929
0.0453493
0.0315664
0.0385588
0.0342222
0.039833
0.0350749
0.0475473
0.0299684
0.0458705
0.042985
0.0378843
0.044441
0.0375065
0.0291938
0.0410442
0.0343965
0.0409499
0.0348234
0.0327936
0.0397595
0.0450171
0.0425569
0.0339698
0.0417416
0.0405482
0.033821
0.0382224
0.0405441
0.0422673
0.0450382
0.0325555
0.0275307
0.0327958
0.0428775
0.0314721
0.029383
0.040546
0.0427298
0.0420997
0.0314478
0.0339182
0.0327955
0.0423981
0.0419603
0.0333881
0.0461602
0.0322659
0.0355752
0.0377384
0.0433852
0.0305656
0.0266344
0.0420059
0.0450571
0.0353666
0.0289341
0.0341582
0.0417426
0.0455565
0.0322567
0.040729
0.0371183
0.0396443
0.0344508
0.0309635
0.0317284
0.0360804
0.0348492
0.0271417
0.0409592
0.0389203
0.037959
0.0417638
0.0370625
0.041313
0.0312723
0.0420159
0.0455
0.0411119
0.0380304
0.0395052
0.0372751
0.0406972
0.0387617
0.043927
0.029463
0.0345991
0.0410375
0.0439819
0.0410071
0.0332464
0.0294461
0.0387629
0.0464606
0.040796
0.0332638
0.0418564
0.0363666
0.0462167
0.0302205
0.0426664
0.0365624
0.0395022
0.0375961
0.0473611
0.0361698
0.045293
0.0342625
0.0436834
0.043942
0.0421745
0.042273
0.0360827
0.0380033
0.0329454
0.0461652
0.0430834
0.0353837
0.0318065
0.0357775
0.0430485
0.0427084
0.0408921
0.0337715
0.0472469
0.0347432
0.0442655
0.0478524
0.0462822
0.0423629
0.0431182
0.0409908
0.0281638
0.0476196
0.036392
0.0324621
0.0322526
0.0396574
0.0407119
0.0350436
0.0431122
0.0457053
0.0374752
0.0332828
0.0451438
0.0448583
0.0440859
0.0388817
0.0480591
0.0444641
0.0405122
0.042553
0.0436992
0.0328948
0.0449422
0.036099
0.0315114
0.0401577
0.039768
0.0354143
0.028678
0.0339182
0.0375478
0.0383586
0.0439574
0.0376292
0.034191
0.0426249
0.0401614
0.0363976
0.0374764
0.0273561
0.0421003
0.0339737
0.0426804
0.0408789
0.0398078
0.0296636
0.0355922
0.0406463
0.0301559
0.0435528
0.0341429
0.035476
0.0404913
0.0379656
0.0324026
0.0340686
0.0473804
0.029228
0.0408397
0.0477473
0.0398915
0.0312849
0.0371029
0.0324403
0.0439787
0.0415307
0.0279426
0.0316627
0.0413422
0.0418007
0.041611
0.0424039
0.030224
0.0456913
0.0445464
0.0436062
0.0456295
0.0441833
0.0411193
0.0350623
0.0422861
0.0415631
0.0313649
0.0403633
0.0280355
0.0453132
0.0424273
0.0377826
0.0398361
0.0404038
0.0345384
0.0459299
0.0461284
0.0317508
0.0426467
0.033273
0.0428507
0.0428332
0.0402387
0.0425403
0.045613
0.0401983
0.0395288
0.0436229
0.0384508
0.0431653
0.03993
0.0375799
0.044963
0.0438336
0.0367831
0.0313511
0.044839
0.0358052
0.0481906
0.0336036
0.0440081
0.0353048
0.0351853
0.0341238
0.0350554
0.0432006
0.0410137
0.0380871
0.0410755
0.0408042
0.0415373
0.042269
0.0425128
0.0417977
0.0477556
0.0415018
0.0392784
0.029678
0.0362564
0.0423277
0.0389258
0.0363588
0.0428911
0.0362275
0.0370065
0.0379697
0.0385521
0.0340881
0.0433472
0.0462294
0.0432681
0.0470724
0.0256557
0.0440413
0.0419556
0.040456
0.036976
0.0277834
0.044678
0.0307626
0.0332707
0.0443857
0.0378979
0.0290398
0.0372882
0.0414193
0.0428956
0.0344783
0.0369095
0.0382816
0.0392521
0.0405275
0.0337715
0.0441321
0.0395297
0.0474422
0.0416538
0.0311327
0.0364841
0.0348565
0.0463959
0.0323703
0.0449203
0.0461307
0.042376
0.0349158
0.0410107
0.037469
0.0355505
0.0348862
0.0454852
0.0302323
0.0294107
0.0354521
0.0398122
0.0421825
0.0408754
0.0456665
0.0441469
0.0443291
0.0456845
0.0437628
0.0277224
0.0276249
0.0398847
0.04021
0.0267326
0.0409787
0.040835
0.0434878
0.0395041
0.0436058
0.0369019
0.0396579
0.0441093
0.0433219
0.0335722
0.0432546
0.0330721
0.0389254
0.0335724
0.0327679
0.0408335
0.0425154
0.0397479
0.0396316
0.0370988
0.0387436
0.0397879
0.0443471
0.0464806
0.0316517
0.0457814
0.0363039
0.0372287
0.0368373
0.0367149
0.0333914
0.031727
0.0443458
0.0327805
0.0296069
0.0421411
0.0447433
0.0429617
0.0310851
0.0378634
0.0453926
0.0391834
0.0363272
0.0378559
0.0389361
0.0330545
0.0458559
0.0384224
0.0427623
0.0309871
0.0410437
0.0344347
0.040264
0.0445507
0.0449378
0.0378938
0.0295195
0.0272742
0.03613
0.0391193
0.0436811
0.0421563
0.0394371
0.0359918
0.0413528
0.0314486
0.0385459
0.0433031
0.0358861
0.0422212
0.0398378
0.0389339
0.032626
0.0416068
0.0303781
0.0429636
0.0454886
0.036309
0.040337
0.0386432
0.041786
0.0368767
0.033859
0.0439724
0.0418434
0.0270072
0.0482079
0.041941
0.0382651
0.0407322
0.0322587
0.0421955
0.0387094
0.0404312
0.0417322
0.0333365
0.0375601
0.0316782
0.0391022
0.0450368
0.0288906
0.0339829
0.037636
0.0394926
0.0463382
0.0328233
0.0426639
0.0424914
0.0437634
0.0414734
0.0398237
0.0414812
0.0396801
0.0381138
0.031783
0.0316031
0.0488164
0.0339561
0.032941
0.0443421
0.0401276
0.0424855
0.0380712
0.0376668
0.0427543
0.0373334
0.0320487
0.0390495
0.0457774
0.0415366
0.0417341
0.0443867
0.0328437
0.0420125
0.0316352
0.0365621
0.0321309
0.0430802
0.0376492
0.0389558
0.0406742
0.0438499
0.0392133
0.0439585
0.0460397
0.0392264
0.0409892
0.0309273
0.0343811
0.0461099
0.0418975
0.027755
0.0343608
0.0434217
0.0331302
0.0374555
0.0338312
0.0390023
0.0384133
0.0320867
0.0317928
0.032877
0.0411478
0.0292819
0.0405277
0.0411487
0.0462853
0.0466145
0.0386718
0.0408848
0.0357731
0.0401804
0.0442114
0.0379927
0.0317494
0.0454026
0.0427309
0.0370691
0.0335611
0.036241
0.0400756
0.0321557
0.0404938
0.0351132
0.0431905
0.0286342
0.0426072
0.0316459
0.0385849
0.0397891
0.0344848
0.0413554
0.0383208
0.0425047
0.0323159
0.0470419
0.0355864
0.0338168
0.0394434
0.0480596
0.0408924
0.031112
0.0422802
0.0335833
0.0430826
0.0443253
0.0468856
0.0427453
0.039204
0.0382402
0.0442793
0.0403073
0.045273
0.0474508
0.0275123
0.0445428
0.0343246
0.0441849
0.0447239
0.0349782
0.0371531
0.0405661
0.0453785
0.0421382
0.0333663
0.0430429
0.0431421
0.0358664
0.0366319
0.0414003
0.0347087
0.0468
0.0330768
0.0345709
0.034382
0.034186
0.0392855
0.0451551
0.0324958
0.0386555
0.0353015
0.0364265
0.0359573
0.0354238
0.0443988
0.0419014
0.0397914
0.0492134
0.0382059
0.0426448
0.0418186
0.040708
0.0451427
0.0302963
0.0430394
0.032217
0.0294071
0.0485249
0.0348858
0.0420216
0.0402187
0.0396991
0.0281078
0.0458123
0.043098
0.0456956
0.0385316
0.0309871
0.0338001
0.0435498
0.0388277
0.0417918
0.036694
0.039902
0.0442407
0.0399603
0.0310305
0.0394988
0.0422576
0.0384063
0.0469614
0.0410136
0.0358357
0.0346913
0.0361955
0.0463248
0.0438873
0.0408731
0.0381313
0.0328597
0.0365536
0.0364096
0.0298527
0.0361524
0.0343014
0.0409654
0.0382839
0.0310074
0.0396333
0.0343792
0.038787
0.043824
0.0436289
0.0378899
0.0400978
0.044911
0.0337594
0.0329014
0.0424619
0.0435529
0.0415498
0.0365831
0.0408634
0.0353663
0.0380377
0.0445607
0.0412404
0.0381004
0.0417364
0.0457183
0.0324766
0.0306223
0.0368377
0.0449793
0.0402272
0.04026
0.0465945
0.0400561
0.0302385
0.0336812
0.0362804
0.0391242
0.0338389
0.04062
0.0389129
0.0437951
0.0301282
0.0293007
0.0393227
0.0338611
0.0370096
0.032215
0.0343735
0.0429406
0.0361135
0.043741
0.0327373
0.0381291
0.0374659
0.0429735
0.0384545
0.0385286
0.0427797
0.032191
0.0420632
0.032778
0.0354101
0.0383735
0.0313492
0.0284847
0.0416005
0.0393259
0.0328558
0.0328514
0.0423841
0.0457675
0.0348601
0.0379972
0.0442853
0.0341915
0.0457497
0.0287971
0.0377509
0.0337686
0.044086
0.0432889
0.0373507
0.0294132
0.0418505
0.0417092
0.0391808
0.0409394
0.0379168
0.041531
0.0419862
0.0305292
0.0405764
0.0312247
0.0355768
0.0423445
0.0306137
0.0475958
0.0378408
0.0361185
0.0412903
0.0462478
0.0436494
0.0303964
0.036003
0.043535
0.0293021
0.0378228
0.041465
0.0329704
0.0412936
0.0358681
0.040124
0.039607
0.0396592
0.0337634
0.038142
0.0436707
0.0421485
0.0307774
0.0335019
0.043766
0.0402004
0.0435549
0.0391342
0.0400087
0.0425683
0.0405767
0.0420404
0.0351829
0.0367317
0.0378071
0.0410538
0.0366789
0.0406
0.0357466
0.0395713
0.0359936
0.0423342
0.0425153
0.0403622
0.0405613
0.038685
0.0435353
0.0397787
0.047846
0.0318783
0.0427294
0.0451896
0.0405264
0.0275059
0.0404154
0.0349222
0.0369362
0.0369823
0.0326273
0.0365191
0.0381122
0.0340127
0.0335381
0.0335523
0.0333509
0.0414284
0.0361765
0.0348495
0.0409533
0.0399328
0.0330491
0.0344895
0.0297373
0.0356684
0.0408934
0.0393117
0.0310796
0.0351444
0.045719
0.0386844
0.031938
0.0415662
0.0426936
0.0377304
0.0412009
0.0438079
0.0346837
0.0410777
0.0448314
0.030251
0.0422913
0.0277672
0.0346622
0.0314767
0.0423369
0.0373136
0.0445271
0.0338923
0.0436318
0.0369413
0.0410663
0.0393405
0.0397075
0.0336231
0.0322004
0.0371471
0.0362453
0.0318785
0.0412003
0.0412615
0.0424625
0.0322057
0.0292044
0.0364834
0.036361
0.0425599
0.045384
0.0342661
0.0335979
0.0356419
0.0372157
0.0371774
0.036601
0.0298386
0.0349874
0.0407315
0.0377411
0.0390064
0.0410839
0.0313426
0.0347014
0.0318136
0.0377034
0.0380809
0.0398147
0.0371994
0.034041
0.0376676
0.0361984
0.0263543
0.0392296
0.0271642
0.0413374
0.0415326
0.0321011
0.0371738
0.0404832
0.0411861
0.042152
0.0437558
0.0458111
0.0400286
0.0372205
0.0393483
0.0441523
0.0447397
0.0458416
0.0414448
0.0364224
0.0333207
0.0354265
0.0376115
0.0310608
0.0367171
0.0384687
0.0439043
0.0429154
0.0392759
0.0429204
0.036445
0.0420627
0.0422962
0.0353786
0.0381327
0.0272872
0.0373766
0.0380967
0.0362434
0.0386237
0.0377392
0.0432971
0.0460934
0.0391098
0.0420186
0.0397727
0.0359595
0.0439851
0.0416678
0.0392479
0.0407605
0.0259974
0.0359896
0.0385984
0.0282337
0.0409438
0.0348943
0.0420657
0.0373749
0.0422503
0.0306877
0.0372198
0.0454302
0.0412863
0.040312
0.0378895
0.0337588
0.0349643
0.0394822
0.0438924
0.0406517
0.0369167
0.0271249
0.0441594
0.0349634
0.0280055
0.0387406
0.0436428
0.0369677
0.0342831
0.0394279
0.0379221
0.0337247
0.0289452
0.03713
0.0394972
0.0492558
0.0414492
0.0368511
0.0482184
0.0292673
0.0311282
0.0368839
0.0350075
0.0448537
0.0343448
0.0435842
0.0366344
0.0413025
0.038708
0.0370844
0.0416174
0.0405861
0.0346371
0.0357858
0.0388661
0.0348138
0.0359864
0.041406
0.0300699
0.0381236
0.0420741
0.0364487
0.0465204
0.0419217
0.0334974
0.0355335
0.0382915
0.036487
0.0342915
0.0375156
0.0476537
0.0388135
0.0455949
0.0275711
0.0319222
0.0356602
0.044487
0.044402
0.0407076
0.0431568
0.0400216
0.0474603
0.0390973
0.0303285
0.0472005
0.0417896
0.037729
0.034787
0.0461451
0.0396701
0.0266986
0.0453554
0.0299082
0.0329932
0.0441113
0.0366497
0.0379364
0.0282258
0.0467677
0.0411423
0.0391888
0.0422011
0.0303842
0.0405
0.034662
0.0301771
0.0312305
0.0411398
0.0439689
0.0404416
0.0453021
0.0426763
0.036575
0.0430742
0.0349748
0.0388439
0.0342586
0.0329016
0.040652
0.0418401
0.0336003
0.0373902
0.0460302
0.037949
0.0431544
0.0419423
0.0416555
0.0357603
0.0359377
0.0340445
0.0411645
0.0318147
0.0358979
0.0402618
0.0479072
0.033098
0.0415429
0.0346592
0.0445224
0.0326985
0.0339475
0.0442981
0.0450026
0.0482788
0.0404163
0.0282667
0.0459139
0.0389159
0.0337685
0.042019
0.0321282
0.0413712
0.0379189
0.0315263
0.041837
0.0316986
0.0454673
0.0408204
0.0444589
0.0314243
0.0431964
0.0397245
0.0459869
0.0346437
0.0469104
0.0400994
0.03167
0.0371684
0.0345387
0.0383868
0.0311252
0.0473432
0.0361184
0.0428375
0.0477439
0.0331196
0.0345535
0.0323071
0.0346294
0.04578
0.0361465
0.0344853
0.0374494
0.0448635
0.0467801
0.0278362
0.038742
0.0403934
0.0402056
0.0343722
0.0350782
0.0421465
0.0325357
0.0318179
0.0374855
0.0269717
0.0400961
0.0352502
0.0420286
0.0388395
0.0449452
0.0332724
0.0395642
0.0344543
0.0370854
0.0410983
0.0455498
0.0424215
0.0486897
0.0389125
0.0416168
0.034617
0.0281342
0.0406715
0.0360219
0.0437553
0.0343883
0.0434427
0.0376337
0.0317765
0.0444704
0.0387019
0.028123
0.0405054
0.0465455
0.0464712
0.037229
0.0363286
0.0405574
0.0302337
0.0328507
0.0305934
0.0355167
0.0440848
0.0417138
0.0467192
0.0455662
0.0310799
0.0464785
0.0375011
0.0301477
0.0400258
0.0443998
0.0453151
0.0402804
0.0345953
0.0372592
0.0359241
0.0378162
0.0463446
0.0305435
0.037803
0.0348529
0.0373045
0.0405088
0.0425526
0.0369356
0.0486968
0.0478288
0.0289658
0.0306149
0.0429186
0.0443365
0.036732
0.0398291
0.0408295
0.0455262
0.0376946
0.0303555
0.0363096
0.0383458
0.0415043
0.0375452
0.0411919
0.0349023
0.0410243
0.0406571
0.0314458
0.0440271
0.0405136
0.036407
0.0309125
0.0427601
0.0480311
0.0398412
0.0300177
0.0449009
0.0456786
0.04763
0.0363274
0.0438632
0.04196
0.0343084
0.036546
0.0325308
0.0445725
0.0393127
0.0350942
0.0374859
0.0310106
0.0334053
0.0423555
0.038096
0.0298725
0.0288102
0.036513
0.0413889
0.0376679
0.0439283
0.0313458
0.039781
0.036817
0.03961
0.0334954
0.0389953
0.0369032
0.0369281
0.036678
0.0300239
0.0394875
0.0482045
0.0415361
0.0371798
0.0409167
0.0440869
0.0458749
0.0342724
0.0371523
0.0436653
0.0305133
0.034544
0.0439986
0.0291448
0.0402584
0.038947
0.0451382
0.0447424
0.0347112
0.039867
0.0384422
0.0355684
0.0331476
0.032183
0.0474282
0.0402107
0.0460359
0.0419589
0.0431761
0.0427397
0.0381476
0.0363469
0.0410617
0.0403391
0.0331425
0.0341253
0.0346517
0.0369199
0.0431173
0.0429743
0.0375008
0.0462612
0.0370702
0.0356045
0.0356337
0.0354384
0.0386392
0.0400187
0.0358053
0.0264829
0.0290529
0.0348307
0.03348
0.0429196
0.0436681
0.0357143
0.0378615
0.0468105
0.0440058
0.0315235
0.0446831
0.0334417
0.0409342
0.0380889
0.0425757
0.0468993
0.0377824
0.0386322
0.0309891
0.0448725
0.0321229
0.0410995
0.0447391
0.0314604
0.0442457
0.0455139
0.0355267
0.0355522
0.0463347
0.0430512
0.0459959
0.0281733
0.0292455
0.0397757
0.0462287
0.0321399
0.0321858
0.0335724
0.0272433
0.0441251
0.0413867
0.0388267
0.041205
0.0334345
0.0426927
0.0428997
0.0370114
0.0357622
0.0284683
0.0272835
0.0441058
0.0441084
0.0403292
0.0322657
0.0452736
0.0467995
0.0324676
0.0332245
0.0371357
0.040615
0.0426404
0.0448339
0.0293176
0.0428861
0.0407198
0.0416518
0.0334083
0.0362063
0.0392468
0.0380907
0.0294273
0.0341653
0.0374696
0.0413409
0.0378342
0.0284542
0.0352671
0.0471436
0.0361192
0.0474334
0.0366056
0.0428208
0.028012
0.0386478
0.0468099
0.0326322
0.0332681
0.0450961
0.0356266
0.0350111
0.0333897
0.0371356
0.0327483
0.0433219
0.0391651
0.0316455
0.045748
0.042987
0.0384669
0.0420969
0.0454772
0.0331728
0.0307181
0.0427941
0.0475018
0.0438076
0.0359384
0.0353953
0.0428298
0.0381081
0.0478554
0.043788
0.0439923
0.0309489
0.0364026
0.0326047
0.04347
0.0378251
0.0357033
0.0328141
0.0425283
0.039659
0.0439234
0.0443991
0.0385445
0.0297301
0.0294429
0.0447137
0.0394073
0.0416777
0.043144
0.0388622
0.0415403
0.0481308
0.0361049
0.0352133
0.0424416
0.0379628
0.0451951
0.0307821
0.0439008
0.030087
0.0406585
0.0307889
0.0290823
0.0442585
0.0405635
0.0370202
0.0478299
0.0336811
0.0443619
0.0426726
0.0382168
0.0425438
0.0307019
0.0350708
0.0428081
0.0460984
0.0286978
0.0393733
0.041067
0.0353208
0.0356277
0.0418212
0.0306926
0.0409627
0.0316206
0.0374283
0.0375352
0.0424987
0.0366766
0.0415299
0.0414253
0.0318048
0.0411089
0.0326089
0.0358379
0.0448993
0.0316168
0.0335289
0.0362262
0.0327504
0.0387114
0.0357347
0.036642
0.0447955
0.0402772
0.0475109
0.0319005
0.0338239
0.0467566
0.0424726
0.0406744
0.0422685
0.0409099
0.0326511
0.0351722
0.0348339
0.0319784
0.034621
0.0360977
0.0432251
0.044038
0.0445911
0.0433447
0.0286553
0.042396
0.0432426
0.0329213
0.0397599
0.0415292
0.0369533
0.0420261
0.0379337
0.0341081
0.0422812
0.0306336
0.0374823
0.036373
0.0418002
0.0345931
0.0442054
0.0440767
0.0297778
0.0416978
0.0460743
0.0343503
0.0332622
0.0365247
0.0386887
0.0324283
0.0431758
0.0380216
0.0378419
0.0345669
0.0314751
0.0396181
0.0401382
0.0295153
0.0349892
0.0388677
0.0472552
0.0274541
0.04512
0.0329395
0.0410518
0.0411641
0.0377625
0.0376171
0.0405386
0.0391605
0.04029
0.0334398
0.0381322
0.0364026
0.0331528
0.033544
0.0315875
0.0366349
0.046363
0.0375943
0.041922
0.0420033
0.0314213
0.0383956
0.0326888
0.0419397
0.0453048
0.0451409
0.0329916
0.0322648
0.041287
0.0417434
0.0425804
0.0380986
0.0369312
0.0401976
0.0418339
0.0332533
0.0338446
0.0385698
0.0420403
0.041367
0.0448305
0.0445419
0.0412645
0.0331995
0.0386293
0.0280849
0.0364845
0.0456424
0.0350128
0.0389408
0.0397929
0.0321013
0.0309846
0.0434975
0.0302832
0.0321301
0.0385252
0.0414008
0.0367432
0.0405638
0.0369745
0.0284676
0.0393909
0.0341551
0.0446262
0.0352691
0.0421414
0.0375242
0.031739
0.0317203
0.0330908
0.0438047
0.0307229
0.0352588
0.0276198
0.0415963
0.0391967
0.0344134
0.0348244
0.0329477
0.0452435
0.0379549
0.0370493
0.0447429
0.0343227
0.0425215
0.0424348
0.0340314
0.0291062
0.0472138
0.0320565
0.0466898
0.0308279
0.0437337
0.0455601
0.0400564
0.0462746
0.0326188
0.0481327
0.0419068
0.0348754
0.036255
0.0469352
0.0445274
0.0428678
0.03361
0.0358318
0.0391577
0.0385372
0.0294593
0.0379775
0.0376585
0.0400539
0.0339499
0.0420993
0.0426425
0.0421364
0.0325635
0.0319385
0.0483075
0.0458092
0.0334854
0.0362025
0.0335208
0.0448638
0.0344902
0.0431384
0.044092
0.0432734
0.04049
0.0364459
0.03958
0.0345353
0.0302439
0.0315242
0.0338705
0.0383554
0.0365541
0.033909
0.029537
0.0395801
0.0458942
0.0442052
0.034
0.0453698
0.0315945
0.0342056
0.0377105
0.0396709
0.0281168
0.0444765
0.0323038
0.0463882
0.043802
0.0397277
0.0346253
0.0332806
0.0270918
0.0305703
0.0458409
0.0259118
0.0321452
0.0329344
0.0436332
0.0277898
0.0376716
0.0340039
0.0257876
0.0421427
0.044422
0.04186
0.0384697
0.0417303
0.041808
0.0330304
0.0362264
0.042501
0.041353
0.0329499
0.0409085
0.0464164
0.043172
0.0458451
0.0430962
0.0452771
0.0424144
0.0418133
0.0358311
0.0455897
0.0381295
0.0391307
0.0421627
0.0426388
0.0395474
0.0379875
0.0366166
0.0419063
0.0419018
0.0419674
0.0357321
0.0458077
0.0426312
0.0384738
0.0309797
0.0295489
0.0388668
0.0395062
0.0309843
0.0377602
0.0421272
0.0347508
0.044412
0.0490172
0.0374031
0.0432241
0.0411474
0.0364713
0.0331262
0.0446175
0.0308627
0.0409745
0.0356539
0.0377928
0.0350732
0.0434228
0.0445613
0.0262198
0.0389793
0.0475445
0.0439994
0.0382189
0.0476682
0.0409213
0.0385672
0.0357747
0.0361922
0.0339653
0.0433015
0.0306136
0.0384941
0.0264253
0.0285277
0.0333061
0.0406532
0.0352261
0.0390012
0.0411871
0.0404003
0.031883
0.0385941
0.0402554
0.0322299
0.0351354
0.0410185
0.0397897
0.0289878
0.029808
0.0420431
0.0326629
0.035402
0.0391367
0.0439971
0.0471624
0.0411546
0.0350846
0.0402843
0.0403213
0.0363044
0.0412497
0.0465444
0.044756
0.0324168
0.0470736
0.0456546
0.0449099
0.0371763
0.0347324
0.0418492
0.0439516
0.0301235
0.0401371
0.0373425
0.0393601
0.0295507
0.0460608
0.0366059
0.0406353
0.0404025
0.0331755
0.0372425
0.038396
0.0489095
0.0382991
0.0439136
0.0427518
0.0387613
0.0327918
0.0339224
0.0403189
0.0448218
0.0458445
0.0332589
0.0394689
0.0349929
0.0312557
0.0412757
0.0347791
0.0353863
0.0326252
0.0478694
0.0341702
0.0363124
0.0374094
0.0417307
0.0436332
0.0411774
0.033748
0.0355376
0.0478867
0.0345649
0.0421197
0.0276852
0.039846
0.033385
0.0436206
0.0400048
0.0320562
0.038383
0.0434067
0.0356836
0.0349784
0.0419682
0.0371886
0.0390744
0.039704
0.0428683
0.0413681
0.034668
0.0315071
0.0447929
0.034482
0.0335463
0.046357
0.0362422
0.0426504
0.0355138
0.0335886
0.0375424
0.027949
0.0429317
0.0372978
0.0426666
0.0366165
0.035989
0.0373572
0.040379
0.0439578
0.043092
0.0429899
0.0375865
0.0408281
0.0403011
0.0264963
0.0463994
0.0345333
0.0427173
0.0489414
0.0360501
0.0284852
0.0463268
0.0400176
0.0450324
0.0352978
0.0450318
0.0449463
0.0265457
0.0343
0.0455789
0.0314534
0.0378908
0.0424526
0.032248
0.0347911
0.0467297
0.0322831
0.0414726
0.0455022
0.0453994
0.0425849
0.0358562
0.0350474
0.0364585
0.0319488
0.0376886
0.0271836
0.0345334
0.045009
0.0432746
0.0473438
0.0451205
0.0280254
0.0412151
0.041506
0.0422807
0.0374149
0.0412675
0.0473041
0.0351155
0.048404
0.0398788
0.0422655
0.0374627
0.0285522
0.0363011
0.043658
0.0310269
0.0435846
0.0314381
0.0432505
0.0369743
0.0386121
0.0361183
0.0400776
0.0450303
0.0402231
0.0348543
0.0379012
0.0367617
0.0403074
0.0419585
0.0380942
0.0399328
0.047868
0.0339986
0.0382417
0.0367779
0.0420223
0.0338626
0.03748
0.0438085
0.0420993
0.0463585
0.0397323
0.0344028
0.0349899
0.0311596
0.0457573
0.0421977
0.0356241
0.0376299
0.0432907
0.0452195
0.0391291
0.0435748
0.0303457
0.0373168
0.0395277
0.044282
0.0384478
0.0405553
0.0307385
0.043029
0.0471735
0.0405832
0.0401041
0.0334398
0.0408924
0.0456016
0.0355273
0.0350799
0.0426614
0.0415864
0.03759
0.0419104
0.0388385
0.0430392
0.0415372
0.0386142
0.041317
0.0325622
0.0276796
0.0447049
0.0375112
0.0450585
0.0322465
0.039305
0.0337679
0.0457318
0.0365005
0.0418323
0.0371179
0.0433836
0.0429781
0.0374922
0.042848
0.0415332
0.0440596
0.0417762
0.0355813
0.0433881
0.0451452
0.0318441
0.0430041
0.0430265
0.0376012
0.038937
0.0392954
0.0444873
0.045846
0.0439702
0.0342759
0.0328222
0.0394324
0.0420998
0.0440429
0.0294783
0.0415424
0.0481836
0.0423699
0.0279353
0.0364276
0.0434369
0.0332108
0.0375862
0.0350787
0.036985
0.0430471
0.039886
0.0364588
0.0294295
0.0311048
0.0376613
0.0444401
0.0325598
0.0413301
0.0315544
0.0413023
0.0432613
0.0382854
0.0429049
0.042763
0.04184
0.0294534
0.035314
0.0445975
0.0350153
0.03903
0.0438902
0.0380933
0.0439689
0.0408811
0.0407565
0.0310246
0.0433827
0.0401449
0.0459448
0.036197
0.0453138
0.0408754
0.0326432
0.0406075
0.037086
0.0422153
0.0340186
0.0471205
0.0333893
0.0346752
0.0448037
0.0355922
0.032292
0.0414505
0.0434701
0.0412296
0.0437629
0.0328477
0.0405165
0.0373298
0.0348058
0.0405006
0.0454865
0.0375667
0.0358669
0.0390855
0.0380278
0.0374377
0.0384793
0.0380927
0.0354908
0.0385965
0.0387232
0.0333431
0.0443493
0.0313538
0.034245
0.0403975
0.0390571
0.040429
0.0380793
0.0444009
0.0375887
0.038611
0.0440092
0.0360899
0.0460748
0.0424523
0.0446011
0.0488352
0.0415349
0.0445083
0.0385863
0.0357345
0.0384226
0.0448164
0.0266409
0.041711
0.0278096
0.0314541
0.0459268
0.0302294
0.0438561
0.04083
0.0419316
0.0316571
0.03026
0.0452251
0.0404338
0.0358203
0.034841
0.042762
0.037854
0.0438128
0.0335676
0.0388221
0.0455007
0.0425586
0.0368702
0.0378371
0.0355245
0.0450552
0.0461373
0.041991
0.0439567
0.0366205
0.0432734
0.0426281
0.0409379
0.0325015
0.0468554
0.0405664
0.0310631
0.044682
0.0303637
0.0433132
0.0354814
0.0272285
0.0363537
0.044069
0.0449744
0.0284615
0.0430246
0.0277162
0.0381016
0.0368758
0.0411299
0.0405723
0.0387514
0.0391966
0.0431261
0.0355741
0.0302976
0.0412232
0.0402188
0.0404514
0.0419552
0.0423163
0.0397994
0.0466618
0.0363445
0.0336714
0.0356439
0.0449272
0.0458166
0.0439521
0.0394534
0.0320618
0.0434533
0.047704
0.0350826
0.0418537
0.0434953
0.033879
0.0362871
0.0466901
0.0366361
0.0334403
0.0420945
0.0439201
0.0368627
0.0278684
0.0411095
0.0401091
0.0312187
0.0371105
0.0408547
0.0290268
0.0416906
0.0388484
0.0454845
0.0378968
0.0449025
0.0426791
0.0287507
0.0335768
0.0381994
0.0448707
0.0340233
0.0353456
0.0451004
0.0454552
0.0380393
0.0330451
0.0407621
0.0437859
0.0316827
0.0407804
0.0396805
0.0474865
0.0330699
0.0318235
0.0411919
0.0425237
0.042905
0.0394471
0.0410913
0.0355136
0.0418889
0.0284844
0.0460096
0.0343249
0.0424574
0.0275982
0.0305296
0.0454701
0.0422475
0.0377015
0.043528
0.0423118
0.045748
0.040203
0.035831
0.0407231
0.0473803
0.0354014
0.0394795
0.0350367
0.0411744
0.0458136
0.0314845
0.0403882
0.0306163
0.0405482
0.036124
0.0378495
0.0352208
0.0361748
0.0385024
0.0324732
0.0384811
0.0303069
0.0378149
0.0372284
0.040594
0.0408456
0.0394214
0.033322
0.0427458
0.0300345
0.0420319
0.041911
0.0449199
0.0292111
0.0404402
0.0412265
0.0304353
0.0291955
0.0339013
0.0389805
0.0280967
0.0375017
0.041764
0.0342643
0.0293315
0.0342691
0.0460912
0.0403439
0.033604
0.0382427
0.0385205
0.0405012
0.0268628
0.0392754
0.0473332
0.0276855
0.0382145
0.0343513
0.0418029
0.0376783
0.0372143
0.0496552
0.0410842
0.0446861
0.0426954
0.0338978
0.0459756
0.0413799
0.0379267
0.0293794
0.0381166
0.0416389
0.0406854
0.039752
0.0314653
0.0316535
0.042868
0.0297912
0.0343602
0.0450623
0.0444335
0.0275817
0.0376746
0.0440754
0.041627
0.044868
0.0358698
0.0445873
0.0347192
0.0432572
0.036848
0.0444892
0.0412587
0.0390486
0.0330819
0.0411325
0.0285847
0.0369577
0.0362186
0.046109
0.0334131
0.0344574
0.0368133
0.039428
0.0345711
0.03934
0.0371022
0.0335744
0.0293657
0.0397003
0.0394342
0.0422444
0.036997
0.0431307
0.0401973
0.0441795
0.0330276
0.0280165
0.0258906
0.0406984
0.0426341
0.0292425
0.0368013
0.042005
0.0408966
0.0331989
0.0460954
0.044535
0.0359734
0.031953
0.0483578
0.0434519
0.043737
0.0345183
0.0308083
0.0401644
0.0297065
0.0459372
0.0370047
0.0353274
0.0296437
0.035921
0.030397
0.043443
0.039486
0.0373235
0.0452269
0.0359569
0.0366653
0.0397387
0.0379336
0.0306401
0.0420065
0.0357634
0.0342017
0.0445045
0.0334967
0.0362484
0.0458246
0.0449171
0.0344473
0.0397294
0.0429056
0.0422097
0.032146
0.0313621
0.0448311
0.0329434
0.0425581
0.0307241
0.0437431
0.0444567
0.0412942
0.0429022
0.0433211
0.0313032
0.0420634
0.0390285
0.0374062
0.0332972
0.0367058
0.0400579
0.0301217
0.0376896
0.030265
0.0418287
0.0394038
0.0438022
0.0468308
0.0349742
0.0317162
0.0292233
0.0374641
0.0383875
0.0305421
0.0353103
0.0356492
0.0360939
0.0411963
0.0444819
0.0410403
0.0414635
0.0316795
0.0362835
0.0361304
0.0389327
0.0393231
0.033056
0.0373482
0.0442246
0.0426883
0.0453132
0.0335344
0.0430051
0.0341972
0.0395696
0.0366186
0.0311935
0.0280655
0.0479911
0.0393045
0.0396003
0.0333615
0.0365404
0.0332214
0.046975
0.031529
0.0348212
0.029343
0.0432844
0.0343564
0.0317613
0.0413209
0.0350301
0.0421876
0.0309395
0.0291937
0.0295659
0.0437592
0.0437646
0.0442966
0.0425281
0.0457162
0.036509
0.0433645
0.0487325
0.0388956
0.0454871
0.036263
0.0345566
0.0334844
0.0305708
0.0337093
0.0370249
0.0385321
0.043026
0.0426461
0.0454095
0.0365247
0.0360752
0.0465736
0.034486
0.0352314
0.0337065
0.035475
0.0439648
0.032982
0.0460607
0.0422747
0.0397884
0.0372211
0.0424986
0.0445211
0.0361297
0.0375798
0.0450173
0.0463469
0.041513
0.0331278
0.0348905
0.0393734
0.0369311
0.0431376
0.0380611
0.0368327
0.0358476
0.032169
0.0345425
0.0422813
0.0373715
0.0285498
0.0338603
0.0293002
0.0467643
0.0438134
0.0383341
0.0436713
0.0277247
0.0328936
0.0402574
0.0431677
0.0444162
0.0369183
0.0312599
0.0416323
0.0488604
0.0382387
0.0446047
0.040776
0.0413842
0.0409314
0.0455792
0.0428795
0.0452835
0.0331603
0.0331561
0.0395575
0.0482164
0.0435785
0.0374986
0.0396997
0.0405098
0.0372314
0.0341173
0.0382783
0.0418018
0.0333732
0.0472969
0.0380896
0.0461663
0.0329531
0.0436117
0.0436533
0.038708
0.0364987
0.0429273
0.0426288
0.0288814
0.0354479
0.0303281
0.0355733
0.0394081
0.0322281
0.0424407
0.0416343
0.0345653
0.0446038
0.0287214
0.0361243
0.0463591
0.0347011
0.0363126
0.0336072
0.0326787
0.0432243
0.0358857
0.0412373
0.0417546
0.0433501
0.0460852
0.03239
0.0308149
0.0362137
0.0452502
0.042036
0.0396835
0.0318283
0.044058
0.031356
0.0435082
0.0331841
0.0399688
0.0455193
0.0432168
0.0356989
0.0348778
0.0328126
0.037552
0.0421517
0.0386041
0.0395398
0.0375783
0.0412779
0.0397873
0.0351526
0.0431532
0.0366653
0.0414663
0.0413659
0.0421468
0.038012
0.0419509
0.0404602
0.0420413
0.0486325
0.0363419
0.0330516
0.0436183
0.0362621
0.0392468
0.0461212
0.0458481
0.0476288
0.0487099
0.0375282
0.0346664
0.0430279
0.0466069
0.0405926
0.0442026
0.0434951
0.0388346
0.0384302
0.0454138
0.0426504
0.0441504
0.032988
0.0436397
0.0397522
0.0338149
0.0352979
0.0290001
0.0421154
0.0369625
0.030137
0.0379823
0.0298333
0.0429313
0.0398989
0.0347395
0.0366694
0.0381581
0.0340223
0.0372612
0.0332467
0.0381529
0.0358173
0.0350377
0.0325256
0.0398022
0.0398701
0.039978
0.0391246
0.0457517
0.0358464
0.0407852
0.042453
0.045188
0.040121
0.046365
0.0304274
0.0455506
0.0395807
0.0302176
0.0427363
0.0404205
0.0428221
0.0332299
0.0407386
0.0379761
0.0456404
0.0340304
0.0378364
0.0305567
0.0423492
0.0437671
0.0454731
0.0398329
0.03224
0.0387547
0.0434265
0.0391837
0.0433815
0.0446494
0.0397558
0.0412232
0.0408257
0.047208
0.0377047
0.044394
0.0338009
0.0383658
0.0314467
0.0442901
0.0389258
0.0300944
0.0363816
0.0353239
0.0392531
0.0443375
0.031815
0.0394294
0.0429875
0.0398652
0.034349
0.0417716
0.0434376
0.0442627
0.0358939
0.0446277
0.0413157
0.031796
0.0349108
0.0399705
0.0412547
0.038878
0.0426674
0.0347599
0.0421005
0.0348792
0.0315815
0.040972
0.0432157
0.0474049
0.0346109
0.0366071
0.0375505
0.0413496
0.0321528
0.0322764
0.0428652
0.0417722
0.0478393
0.0405757
0.0401928
0.0446609
0.0451247
0.0337838
0.031934
0.0464577
0.0436141
0.0313882
0.0359852
0.045287
0.0367769
0.0314099
0.0454291
0.0453456
0.0362347
0.0319886
0.0330521
0.0360396
0.028054
0.0437621
0.0481619
0.0408527
0.0415932
0.0455425
0.0402837
0.0412518
0.0380904
0.0392052
0.043654
0.0444227
0.038606
0.041654
0.0454102
0.0408364
0.0458946
0.0430336
0.0397935
0.0385438
0.0325679
0.0437861
0.0443983
0.038456
0.0415096
0.0311761
0.0404866
0.0309132
0.0492695
0.0375552
0.0457043
0.0294039
0.0418606
0.0358841
0.0336335
0.0407668
0.0321396
0.0378817
0.0388004
0.0438627
0.0291061
0.0329253
0.0359117
0.0321883
0.0337981
0.0394957
0.0339603
0.0423019
0.0352528
0.0416577
0.0417366
0.0449544
0.0434156
0.0374849
0.0341042
0.0323757
0.0345302
0.0361969
0.0318578
0.0406156
0.0416122
0.0413543
0.0379648
0.0465789
0.0389733
0.0329047
0.0399112
0.0364691
0.0376279
0.0412492
0.0305908
0.0411447
0.0448383
0.046924
0.0427077
0.0345783
0.0343856
0.035284
0.0436159
0.0320123
0.038214
0.0382464
0.0346762
0.0477583
0.0440551
0.0357628
0.0392848
0.0312992
0.0398354
0.0361539
0.0413826
0.0452217
0.0320148
0.0315201
0.0373138
0.0362642
0.0382749
0.041139
0.039358
0.04162
0.046028
0.0391399
0.0410248
0.0395427
0.03327
0.0384962
0.0426463
0.043131
0.0400185
0.034672
0.0295592
0.0312671
0.0380438
0.0342088
0.0375023
0.0313165
0.0461198
0.0295176
0.0469238
0.0287281
0.0409996
0.0473004
0.0458418
0.0323489
0.0341809
0.0395692
0.0453238
0.0323926
0.0375405
0.0413252
0.0455067
0.0415047
0.0384375
0.0396312
0.031829
0.0403619
0.0452854
0.0343473
0.0371876
0.0419816
0.045703
0.0391029
0.0323721
0.0417865
0.0321746
0.0405338
0.0436288
0.0423014
0.0423146
0.0393504
0.0401289
0.0451716
0.0398321
0.0413761
0.0322324
0.0404455
0.0330764
0.0320842
0.0337078
0.0347146
0.0353284
0.0426234
0.0466785
0.0402211
0.034855
0.0370433
0.0338881
0.0303018
0.0389997
0.0276483
0.0385327
0.0396809
0.0279657
0.030506
0.0370198
0.0377987
0.0352099
0.0455513
0.0323454
0.0385039
0.0289539
0.0448163
0.0340613
0.0439314
0.0342535
0.0368522
0.0336694
0.0461218
0.0404982
0.0428811
0.037491
0.0408761
0.0447718
0.0470076
0.0360337
0.0407741
0.0357158
0.0391701
0.0364342
0.0450609
0.0340461
0.0342593
0.0353067
0.0370625
0.0373373
0.0402139
0.032458
0.0382686
0.043704
0.0292163
0.038046
0.0402426
0.0289292
0.0295947
0.0308744
0.0346314
0.0383044
0.0412159
0.0425195
0.0451361
0.0401318
0.0361597
0.0328514
0.0345668
0.0359048
0.0367754
0.0411555
0.037801
0.0443709
0.0414665
0.0362902
0.0349669
0.0310859
0.0425597
0.0417904
0.0406144
0.0452644
0.0385578
0.0375636
0.0382443
0.0351906
0.0354384
0.0416984
0.0405153
0.0342586
0.0418027
0.0392894
0.0359873
0.042361
0.0362644
0.0358305
0.0456362
0.043806
0.0419386
0.0362138
0.0383859
0.043065
0.0323306
0.0387415
0.0337572
0.0358114
0.0308984
0.0411244
0.0425565
0.0481509
0.0400955
0.0387044
0.0451972
0.0431263
0.0334571
0.042676
0.0417893
0.0285598
0.0291226
0.0457504
0.028636
0.0332435
0.0431224
0.044657
0.0269908
0.0336437
0.0420741
0.0430477
0.047944
0.0407086
0.0349241
0.0449944
0.0413575
0.0432282
0.0464516
0.0446419
0.0424508
0.0341031
0.0342851
0.0443267
0.0393579
0.0313992
0.0350788
0.0425557
0.0434891
0.0352718
0.0429266
0.0444012
0.038016
0.0435278
0.0352411
0.0370772
0.0357199
0.0429999
0.0383525
0.0369635
0.0430992
0.0291679
0.038407
0.0446794
0.0324937
0.0400699
0.0300922
0.0400902
0.0435377
0.0419454
0.0412332
0.0425389
0.0403316
0.0439105
0.0452655
0.0463573
0.0443702
0.0395965
0.0340977
0.0346574
0.0424735
0.0404945
0.0446572
0.0394556
0.0336871
0.0440809
0.0443593
0.0432347
0.0437592
0.0461734
0.032545
0.040139
0.0302615
0.0405937
0.0383223
0.0281001
0.0416612
0.0439957
0.0445604
0.0460364
0.0336673
0.0405375
0.0309137
0.0356215
0.0380593
0.0329996
0.0340962
0.0415913
0.0429117
0.0292249
0.0446446
0.037265
0.0332423
0.0356283
0.0441985
0.0410424
0.0407521
0.029167
0.0414285
0.0420195
0.0429316
0.0366295
0.0419454
0.0399801
0.040638
0.0366191
0.0407176
0.0421168
0.0404679
0.0287419
0.0395179
0.0476393
0.0426501
0.036079
0.0382695
0.0420925
0.0406907
0.0351035
0.0405041
0.0332053
0.0319336
0.0452414
0.0421384
0.0309449
0.0422262
0.0421032
0.033199
0.0440705
0.0327121
0.0314595
0.0421793
0.04068
0.0453393
0.0276844
0.0384186
0.0472493
0.0398392
0.0440775
0.0424361
0.0443133
0.0383173
0.0264705
0.044624
0.0375839
0.0295508
0.0464518
0.0312326
0.0394196
0.0392768
0.0367447
0.0448436
0.0472815
0.0339325
0.0426359
0.0436343
0.030408
0.0490231
0.0334734
0.041936
0.0279691
0.0446114
0.0449081
0.0420778
0.0345279
0.0350648
0.029488
0.0383317
0.0392523
0.0424792
0.0378295
0.0433136
0.0360132
0.0287376
0.0279797
0.0412482
0.0412514
0.0295417
0.0327719
0.0360851
0.0409698
0.0388547
0.0392565
0.0356871
0.0344023
0.0305989
0.043608
0.0415336
0.0462759
0.0447321
0.0458356
0.0438475
0.0403855
0.0343216
0.0430022
0.0319667
0.0406519
0.0349091
0.0423565
0.0433738
0.0447112
0.0332171
0.0397686
0.0353058
0.0467965
0.0457247
0.028579
0.0364269
0.033266
0.0428795
0.0328688
0.0385364
0.0371831
0.0431185
0.0306325
0.0387316
0.0336077
0.0394852
0.0346297
0.0296029
0.0369693
0.0471545
0.0435265
0.0329262
0.0331025
0.0374678
0.0430559
0.0399451
0.0404238
0.0452039
0.0416093
0.0434628
0.0294712
0.0403123
0.0325499
0.0320719
0.0443703
0.0385477
0.0354115
0.0440526
0.0359757
0.0375098
0.0326232
0.0295604
0.038798
0.0421188
0.036899
0.0288623
0.0404585
0.0391017
0.0444992
0.0281052
0.034668
0.0329772
0.0382921
0.0355184
0.0293086
0.0362648
0.0380881
0.0407078
0.0365572
0.0461397
0.0454632
0.0403931
0.0397705
0.0452755
0.0423775
0.043605
0.0477781
0.0371477
0.0471815
0.0422928
0.0349364
0.0368976
0.0470882
0.0426959
0.0473133
0.0337355
0.0392318
0.0352426
0.0388904
0.0426751
0.042249
0.0401673
0.0376804
0.0343237
0.0451501
0.0401004
0.0459059
0.0460511
0.0364116
0.0312874
0.036472
0.0415558
0.0464215
0.043254
0.0375818
0.0407255
0.0440538
0.0478816
0.0440316
0.0323949
0.0285427
0.0343031
0.0356445
0.0341292
0.0414188
0.0367059
0.0326304
0.0361693
0.0276669
0.0378417
0.03998
0.0336716
0.0450107
0.0403163
0.0401383
0.037732
0.0383939
0.0341502
0.0338402
0.0316587
0.0312414
0.0367087
0.0377543
0.0422639
0.0318524
0.0464282
0.0384423
0.0300286
0.0464658
0.0408392
0.0423596
0.0322769
0.028528
0.0429742
0.0418651
0.0365601
0.0448333
0.0390396
0.0390093
0.0411006
0.0285888
0.0282005
0.0406344
0.0448435
0.0440531
0.0392049
0.0422032
0.03718
0.0444839
0.0446569
0.0404911
0.0295865
0.0344023
0.0365093
0.0472689
0.0313291
0.0477162
0.0281142
0.0333625
0.0348891
0.0339421
0.0359789
0.0408781
0.0432148
0.0326593
0.0302043
0.0398836
0.0445438
0.0448104
0.0303954
0.0304891
0.0422087
0.0425142
0.0299873
0.0397932
0.0451727
0.040558
0.0361028
0.0388885
0.0426171
0.0376966
0.035159
0.0365543
0.0401403
0.0365355
0.0430878
0.0418572
0.0412798
0.0381407
0.0436601
0.0409791
0.0415273
0.0404364
0.0451189
0.0441017
0.0398506
0.041947
0.036894
0.0293165
0.0457409
0.0365307
0.0331647
0.04327
0.0397483
0.0345213
0.0347505
0.0390209
0.0437183
0.0358517
0.0448618
0.0350379
0.0387847
0.0419128
0.0385276
0.0374656
0.0400744
0.0406506
0.0393981
0.0382818
0.0375112
0.0387501
0.0442348
0.032996
0.045825
0.0460335
0.0363624
0.0464533
0.0439884
0.036012
0.0449956
0.0444304
0.0342454
0.0427862
0.0375635
0.0461111
0.0351753
0.0393107
0.0347853
0.0413833
0.0386405
0.0374422
0.0376239
0.0434087
0.0448114
0.034169
0.0376991
0.0418197
0.0382209
0.0342218
0.0429935
0.045892
0.0320041
0.0397112
0.0426489
0.0392467
0.03229
0.0354952
0.038484
0.0446238
0.039111
0.0419841
0.0352735
0.0410682
0.0390408
0.0358633
0.033399
0.0289342
0.0361339
0.0389896
0.0364899
0.0361568
0.0384064
0.0465065
0.0385299
0.0434577
0.0409921
0.0329695
0.0345007
0.0299253
0.0292449
0.033333
0.0410174
0.0391659
0.0436724
0.0425126
0.0455084
0.0304217
0.0403398
0.0357219
0.0393996
0.0445077
0.0456454
0.0361865
0.0400488
0.036773
0.0413193
0.0425839
0.0426346
0.0397181
0.0409744
0.0370276
0.0479361
0.0402798
0.0438104
0.0361272
0.0447476
0.0351576
0.0471769
0.0364762
0.0353886
0.0454169
0.0377587
0.0350896
0.0329115
0.0311971
0.044337
0.0351939
0.0428893
0.0408695
0.0284639
0.0370392
0.0316059
0.044634
0.0410874
0.0314629
0.0459346
0.0424209
0.0464372
0.0328733
0.0403013
0.0460385
0.0372588
0.0405722
0.0309626
0.0397882
0.0456037
0.045173
0.0402427
0.0329679
0.029548
0.0391271
0.0397173
0.0400987
0.0413007
0.0335306
0.0315063
0.0360151
0.0422252
0.0359079
0.0391069
0.0359167
0.034171
0.0388949
0.0316244
0.0363625
0.0454653
0.0390683
0.0354462
0.0339062
0.0435055
0.0341557
0.0431626
0.0389712
0.0478095
0.0379238
0.0398404
0.0448761
0.0411131
0.0448983
0.0418259
0.0381313
0.0397391
0.0405326
0.0349657
0.0365968
0.0399404
0.0457995
0.0425321
0.0342547
0.0411235
0.0335993
0.0430655
0.0289803
0.0325459
0.0449174
0.0281467
0.0325911
0.0428228
0.0391409
0.0470784
0.0421159
0.0287487
0.0353974
0.0284006
0.0389174
0.0327513
0.0426082
0.0411365
0.0362139
0.0325782
0.0449602
0.043519
0.0308495
0.045192
0.028718
0.0368896
0.0467816
0.0342242
0.0475476
0.0350784
0.0383427
0.0319092
0.0388594
0.02689
0.0357324
0.0399765
0.0471087
0.0305944
0.0360214
0.0358679
0.0322262
0.0334292
0.0383286
0.0424184
0.045171
0.0374343
0.0346166
0.0419872
0.0366977
0.0371565
0.0393994
0.0355785
0.0417496
0.0346788
0.0301099
0.0429561
0.0454462
0.0455528
0.0379099
0.0328321
0.0409103
0.0455609
0.0373469
0.0364176
0.0312627
0.0354993
0.0384173
0.0357615
0.0380415
0.0429084
0.0473952
0.0415816
0.0426065
0.0407086
0.0325623
0.0435105
0.0292801
0.030635
0.0432628
0.032025
0.0419389
0.0439565
0.0378976
0.0438753
0.0270437
0.037786
0.0460069
0.0348591
0.0382378
0.0377119
0.0410656
0.0401351
0.0431296
0.0436189
0.0322741
0.0442499
0.0416171
0.0326262
0.0447655
0.0428261
0.0383737
0.0298398
0.0407133
0.0417332
0.0318618
0.0388795
0.0362281
0.0405241
0.047408
0.0358748
0.0340466
0.0438935
0.0340588
0.043006
0.0344451
0.0348111
0.0328096
0.0375222
0.0406718
0.032924
0.0373584
0.0354969
0.0338417
0.0468209
0.0299599
0.0456634
0.0405459
0.0327863
0.0401238
0.0455641
0.0413207
0.0450242
0.0397479
0.0362909
0.0405423
0.0387486
0.0401011
0.0415982
0.0378024
0.0445466
0.0331503
0.0379376
0.0417107
0.0304044
0.0419485
0.0422183
0.0420495
0.0342738
0.0421536
0.0342973
0.0328266
0.0382497
0.0409487
0.0426142
0.043896
0.0350218
0.0358918
0.0385744
0.0345814
0.0424797
0.039937
0.036738
0.0376214
0.0390981
0.0336499
0.0415877
0.0431038
0.0338027
0.0432059
0.0381778
0.0356059
0.0366619
0.0446798
0.0422929
0.0382538
0.0416658
0.0409717
0.0455771
0.0399029
0.0402408
0.0364535
0.0338671
0.0339131
0.0362552
0.0325671
0.0375173
0.0292464
0.0364929
0.0426677
0.0368848
0.036859
0.0408298
0.0447567
0.0396274
0.0380833
0.0414459
0.0365997
0.0393239
0.0408235
0.0318397
0.0353977
0.038485
0.0422126
0.0270843
0.0486803
0.0444333
0.0394281
0.0448544
0.0318302
0.0352841
0.0378953
0.046892
0.0359168
0.0447264
0.0444493
0.0397583
0.0272743
0.0429633
0.0342237
0.036624
0.0398465
0.0379632
0.0314007
0.0369735
0.0392498
0.0317671
0.043827
0.0316537
0.0461107
0.0320039
0.0377576
0.0398688
0.0334487
0.0421955
0.0341881
0.0347011
0.0340791
0.0318478
0.0318626
0.0325781
0.0349873
0.0265407
0.0386165
0.0319467
0.0434694
0.0466874
0.041722
0.0394311
0.0443741
0.0478256
0.0423135
0.0439846
0.0457144
0.0347256
0.0307803
0.0286978
0.0352237
0.0346546
0.0293986
0.0388764
0.035892
0.0363713
0.048176
0.0419128
0.0367973
0.0377192
0.0276767
0.0306644
0.0391612
0.0294656
0.0373266
0.0489987
0.0365769
0.0448866
0.0368321
0.0274803
0.0324126
0.0390538
0.0441387
0.0314139
0.0435265
0.0433324
0.0443891
0.0376372
0.0363216
0.0394913
0.039852
0.0378237
0.0359585
0.0449428
0.0338056
0.0464449
0.0419675
0.0380836
0.034928
0.0356196
0.0415473
0.0394416
0.031872
0.0426144
0.0474642
0.0399265
0.0349113
0.0371501
0.0354802
0.0335669
0.0428133
0.0416402
0.0390792
0.0454418
0.0433617
0.0268413
0.048545
0.0426744
0.0403705
0.0359732
0.0327953
0.0349737
0.0416141
0.0324903
0.0431806
0.0483128
0.0451558
0.0392562
0.0345732
0.0437236
0.0396023
0.0420456
0.0344663
0.041391
0.0327204
0.0466574
0.0426546
0.0373195
0.0362758
0.0356154
0.0404602
0.043186
0.0300077
0.0433772
0.0444561
0.042057
0.0401234
0.0333926
0.0406986
0.0323943
0.0283244
0.0441688
0.0327295
0.0357529
0.0446356
0.0372319
0.0381412
0.0434125
0.0424064
0.0401259
0.0382971
0.0441036
0.0433866
0.0401777
0.0413641
0.0402219
0.0337946
0.0294804
0.0398416
0.0386538
0.0424086
0.0448229
0.0343607
0.0404244
0.037569
0.0376652
0.0389536
0.033942
0.0426187
0.0409772
0.0345648
0.0298039
0.0425993
0.0380532
0.0376034
0.0368977
0.0404748
0.0445024
0.0340055
0.0463468
0.0316661
0.036113
0.0386992
0.0300149
0.038755
0.0404536
0.0392738
0.0424758
0.0433646
0.0316424
0.0461384
0.0356713
0.043372
0.039721
0.0360715
0.0351751
0.0439031
0.0440703
0.0338275
0.0431459
0.042295
0.0396838
0.031917
0.0361814
0.0370413
0.0440598
0.0399227
0.0342114
0.0411831
0.0414246
0.0389911
0.027793
0.0396692
0.0385432
0.0282264
0.0380529
0.0353997
0.0315722
0.0414219
0.0309618
0.0286352
0.0299143
0.0399146
0.0316362
0.0390247
0.0359047
0.0436437
0.0417401
0.0273114
0.0396017
0.0363664
0.044801
0.0373233
0.0434969
0.0426441
0.0334106
0.0442391
0.0419335
0.0350929
0.0343888
0.0311222
0.0423501
0.0345535
0.0369892
0.0431657
0.0434004
0.0368708
0.0412236
0.0439939
0.0369946
0.046818
0.0357206
0.0294031
0.0447029
0.0295414
0.0369153
0.0445645
0.0375917
0.0451826
0.0433876
0.0447545
0.0437013
0.0428606
0.0411027
0.0488613
0.0307986
0.0357227
0.0344189
0.0380143
0.0351317
0.0424262
0.0344725
0.0385915
0.0482889
0.0375727
0.0337745
0.033111
0.042318
0.0442193
0.0351608
0.0416863
0.0371846
0.0314035
0.0318586
0.0336771
0.046534
0.0382307
0.0358646
0.036909
0.0285944
0.0414193
0.0291209
0.0386627
0.0441666
0.0450075
0.0431618
0.0311796
0.0381699
0.0285196
0.0305883
0.048861
0.0388669
0.0412127
0.0382068
0.0419301
0.0430783
0.0399258
0.0325705
0.0321829
0.0486711
0.0416857
0.0400155
0.0426262
0.0325718
0.0370415
0.0365661
0.0403508
0.0416577
0.0349582
0.0416991
0.0410139
0.0360671
0.0412474
0.039143
0.04319
0.0354372
0.0420176
0.0463267
0.0423118
0.0424697
0.0454685
0.0417493
0.0387697
0.0349325
0.0365808
0.0422264
0.042804
0.0317773
0.0278924
0.0419359
0.0429712
0.0428979
0.0284689
0.0322395
0.0424536
0.041448
0.0435503
0.0316862
0.0367697
0.0386661
0.0451244
0.0480645
0.0427048
0.0392158
0.04466
0.0415062
0.041944
0.0402512
0.0452283
0.0476885
0.0344156
0.0387046
0.0441371
0.0428002
0.0377751
0.0427975
0.036737
0.0474375
0.0341452
0.0327428
0.0434986
0.0331999
0.0444719
0.0379229
0.0355547
0.0323914
0.0399588
0.042189
0.02865
0.0400332
0.0438848
0.0344219
0.04563
0.0384784
0.0469632
0.0344977
0.0417927
0.0417157
0.0392974
0.043373
0.0327747
0.0359719
0.035171
0.0373137
0.0375867
0.0403234
0.0413592
0.0415558
0.0412186
0.0358345
0.0355883
0.0430996
0.0306884
0.0315805
0.0377056
0.0401535
0.0283245
0.0292493
0.039187
0.029729
0.0419977
0.0312346
0.0438122
0.0310852
0.044424
0.033786
0.0414639
0.0402286
0.0403722
0.0350611
0.0289477
0.046251
0.0426366
0.0382894
0.0394327
0.033887
0.0410111
0.0347963
0.0358276
0.034252
0.0331231
0.0374345
0.0448633
0.0383313
0.0339251
0.0379105
0.0345981
0.0411985
0.0325926
0.0430963
0.0432637
0.0373945
0.0429056
0.0292526
0.0467912
0.0408765
0.0406413
0.0366784
0.0405688
0.027522
0.0353468
0.0300024
0.0328331
0.038488
0.0344351
0.0348746
0.044329
0.0443063
0.0442997
0.0397302
0.0467745
0.0343906
0.0411663
0.0448166
0.0401472
0.041843
0.0436194
0.0415527
0.0331651
0.0376652
0.0376988
0.0402116
0.0413085
0.0342549
0.0313258
0.044366
0.0469656
0.0352847
0.0356114
0.0385909
0.0394136
0.0457708
0.0455464
0.0390458
0.0405169
0.0358862
0.039856
0.0390005
0.0470036
0.0435406
0.0466772
0.0407774
0.0451267
0.0413034
0.0391376
0.0430448
0.0450226
0.0429483
0.030414
0.037484
0.0398463
0.0372354
0.0349803
0.0312383
0.0454272
0.0443713
0.0340712
0.0383472
0.0443884
0.0410525
0.0458147
0.0400274
0.0457923
0.0367209
0.0357105
0.0430795
0.0347823
0.0377811
0.0331837
0.042633
0.0420287
0.0449177
0.0342937
0.0304453
0.0436816
0.0432008
0.0425134
0.0389394
0.0350114
0.0434786
0.0358654
0.0347375
0.0425502
0.0444514
0.0433192
0.0357507
0.0342409
0.0466058
0.0356619
0.0464251
0.0434415
0.0422323
0.0420302
0.0452407
0.0455935
0.0470693
0.0384601
0.0447691
0.0350423
0.0369534
0.0318613
0.0403727
0.0307246
0.038859
0.0414528
0.0427378
0.0413423
0.0456517
0.0392312
0.0447876
0.0301593
0.0479802
0.0362052
0.0378293
0.045036
0.0423073
0.0439175
0.0476996
0.0419337
0.0453958
0.0380199
0.0397608
0.0480259
0.0459462
0.0460611
0.0407324
0.0318665
0.0320112
0.0364386
0.0343306
0.0375284
0.0359185
0.0380233
0.0301039
0.0328509
0.0385244
0.0411523
0.0254962
0.0371044
0.0398579
0.0365742
0.0441499
0.0428397
0.0420545
0.0417396
0.0435457
0.0418371
0.0430799
0.0469003
0.0409098
0.0461839
0.0470079
0.0315037
0.0383986
0.0321041
0.0391356
0.0308359
0.035865
0.0427457
0.0396342
0.0387416
0.0410777
0.0465643
0.042292
0.0334955
0.0482219
0.0420401
0.043273
0.0429403
0.0383594
0.0447446
0.0392553
0.029703
0.0437887
0.0364184
0.0374228
0.0459451
0.0377939
0.0412003
0.0414927
0.0382496
0.0334002
0.0364902
0.0279222
0.0339362
0.0434275
0.040512
0.0361769
0.030587
0.0259076
0.0382741
0.0362543
0.0434153
0.0411223
0.0454602
0.0374975
0.0379018
0.0283859
0.0440172
0.0352251
0.0377687
0.0398199
0.0395021
0.0379356
0.038101
0.0431271
0.0392031
0.04201
0.0340921
0.0361076
0.0317455
0.0338875
0.0317164
0.0383893
0.0465839
0.041387
0.0401659
0.0410356
0.0322596
0.04407
0.0449776
0.0367494
0.0394774
0.0342454
0.0386091
0.0427378
0.0320127
0.034905
0.0487023
0.0416279
0.0402501
0.0339387
0.0440385
0.037676
0.0412126
0.0353941
0.0359106
0.0417954
0.0337617
0.0444574
0.0285814
0.0268017
0.0373238
0.0334376
0.0464342
0.0399535
0.0382454
0.0375916
0.03308
0.0348862
0.0462198
0.0402124
0.0372274
0.0333763
0.0311961
0.0403348
0.0364209
0.0392132
0.0332878
0.0386044
0.0396404
0.0351604
0.0385381
0.0334488
0.0443862
0.0341704
0.047266
0.0294839
0.0387773
0.0308351
0.0345649
0.0447542
0.0447281
0.0368575
0.0419754
0.0357504
0.0405114
0.0392722
0.0449942
0.0401213
0.0437656
0.0304171
0.0391542
0.039269
0.04121
0.0438702
0.0437367
0.0299242
0.0478028
0.0459217
0.0363644
0.0477246
0.0326385
0.0310474
0.0329215
0.0324836
0.0357934
0.0353516
0.0386179
0.0412423
0.0353285
0.0461291
0.0345805
0.04368
0.0317258
0.0474296
0.0292813
0.0402911
0.0386604
0.0373133
0.0374015
0.0428417
0.0408282
0.0419616
0.0327105
0.0410366
0.0367473
0.0392072
0.040508
0.0379034
0.0355388
0.0367502
0.0373037
0.0460129
0.0346524
0.0270657
0.0373433
0.0376498
0.0348822
0.0426495
0.0368912
0.0413515
0.0416592
0.0426961
0.0423764
0.0424005
0.0463964
0.0452733
0.0435703
0.0368304
0.0329781
0.035535
0.0413533
0.0427513
0.0442401
0.0321553
0.0389525
0.0379666
0.0426948
0.0413854
0.0372674
0.0458696
0.0395674
0.0350716
0.0321137
0.0405758
0.040613
0.0358692
0.0348345
0.0403503
0.0300182
0.0417298
0.0338785
0.0371893
0.0353525
0.0319622
0.035596
0.0432451
0.0396835
0.0401438
0.0395988
0.0412077
0.0397928
0.0391057
0.0371966
0.0352176
0.0421422
0.0441188
0.0433131
0.0299325
0.0397114
0.0356862
0.038249
0.0458524
0.0355569
0.0421948
0.0276731
0.0417736
0.0422518
0.030497
0.0445275
0.0385582
0.0394694
0.0393684
0.0342737
0.0313951
0.0343466
0.0466746
0.0313655
0.0432646
0.0352402
0.0423954
0.0373989
0.0482868
0.0296748
0.0310706
0.031689
0.0479556
0.0453817
0.0419326
0.0455116
0.0390226
0.0372704
0.0451318
0.0444419
0.0315538
0.0368551
0.043335
0.033967
0.0299633
0.0412327
0.0425588
0.0431368
0.0375463
0.0428096
0.0299849
0.0434502
0.0305553
0.0365435
0.0421106
0.0374455
0.0277483
0.0461648
0.0365092
0.0452472
0.0467658
0.0379939
0.0338394
0.0354414
0.042054
0.0428866
0.0340187
0.0336119
0.0478494
0.032552
0.0369669
0.0329619
0.0358593
0.035269
0.0465461
0.0293731
0.0402254
0.0311813
0.0396411
0.0430653
0.0380889
0.0353939
0.0367526
0.0455839
0.0342081
0.0364136
0.0367182
0.0362724
0.0433374
0.0390713
0.0421436
0.0258517
0.0402053
0.0443393
0.0358847
0.032868
0.0455737
0.0307427
0.0369493
0.0283045
0.0441447
0.0371098
0.0399446
0.0455398
0.0476965
0.0416489
0.0342383
0.0350955
0.0385781
0.0406809
0.0442745
0.039088
0.0310813
0.0363203
0.0332765
0.032556
0.0400972
0.0402437
0.0365041
0.0443985
0.0423015
0.0338276
0.0343972
0.0265324
0.0391265
0.043642
0.0414716
0.0404323
0.0411916
0.0444052
0.035986
0.0473112
0.0459102
0.0389235
0.0428281
0.0270158
0.0370225
0.0348055
0.0440247
0.0375704
0.0394373
0.0412435
0.0359365
0.0350369
0.038227
0.0350616
0.0424903
0.0271715
0.0414495
0.0345692
0.0354332
0.0398245
0.0386349
0.0409058
0.0441938
0.0344239
0.0464383
0.0393379
0.0448379
0.0406539
0.0355069
0.0279506
0.040086
0.0408596
0.0397264
0.0355851
0.0351966
0.0341772
0.0350521
0.034822
0.0415472
0.0415836
0.0433441
0.0427416
0.041824
0.0377503
0.0330338
0.0337871
0.0293096
0.0373497
0.0421903
0.0402571
0.0412601
0.0392868
0.0381145
0.0431684
0.0400182
0.0451129
0.033774
0.0417481
0.0486538
0.037463
0.0320518
0.0455941
0.0450352
0.0341967
0.0398597
0.0463498
0.0356379
0.0383573
0.0309982
0.0344878
0.0390454
0.0302061
0.0362482
0.0421729
0.0393441
0.0441423
0.0388433
0.0452637
0.0451789
0.0356851
0.0353696
0.028832
0.0403998
0.037937
0.0410439
0.0373252
0.0365783
0.0346632
0.0397009
0.0332027
0.0407734
0.0395597
0.0300613
0.0373024
0.0347628
0.0390145
0.0352666
0.0465204
0.038057
0.0447435
0.0446674
0.0308748
0.0312056
0.0424897
0.0349494
0.0437936
0.0309388
0.0414952
0.0372739
0.0472814
0.0332129
0.0427796
0.0385005
0.0427933
0.0322101
0.0446667
0.0398781
0.0370776
0.0447347
0.0288131
0.0399434
0.0310497
0.0436674
0.0315283
0.0413905
0.0304255
0.0295353
0.0377823
0.0329887
0.0414043
0.0442209
0.0306665
0.0333821
0.0368561
0.0320572
0.0473994
0.0375487
0.0447552
0.0323629
0.0412008
0.0319924
0.0388918
0.0464696
0.0414456
0.0437558
0.0429456
0.0444705
0.0439137
0.0441735
0.0310399
0.0402587
0.0480843
0.0453537
0.0368599
0.0283402
0.0313016
0.0425859
0.0422097
0.0441225
0.0458102
0.0447422
0.0418985
0.0411616
0.0386573
0.0346339
0.0437806
0.0436469
0.0452453
0.0316732
0.0473796
0.0440387
0.041485
0.0365175
0.0435701
0.0356984
0.0275651
0.0401134
0.0431288
0.0307193
0.0422089
0.0348084
0.0277247
0.0409403
0.0414177
0.0446792
0.0339477
0.0335775
0.0410459
0.0329493
0.0392743
0.0317519
0.0374001
0.0310532
0.0401183
0.0368647
0.0410472
0.0340816
0.0372163
0.0331906
0.0371575
0.0400756
0.0437933
0.0341992
0.0333889
0.0402947
0.0350709
0.0413013
0.0418197
0.0319292
0.0363554
0.0397545
0.0315334
0.0391057
0.0403751
0.0434016
0.0421916
0.0433552
0.0394576
0.0334536
0.0480399
0.041824
0.0405887
0.0361867
0.0446569
0.0425226
0.033635
0.0287997
0.0359285
0.0416359
0.0337106
0.0422389
0.0425727
0.0450195
0.0288254
0.0339684
0.0374084
0.0446513
0.0419273
0.0322672
0.047103
0.0423402
0.0413942
0.0427335
0.0369164
0.0398889
0.0427721
0.0328869
0.0353804
0.038213
0.0392539
0.0338636
0.0415149
0.0270576
0.0375819
0.043336
0.0447734
0.0377905
0.0437261
0.0357877
0.043111
0.0402758
0.0465305
0.0406173
0.0434122
0.0335343
0.0407242
0.0386642
0.039746
0.048198
0.0456444
0.0391809
0.0417527
0.0444383
0.0424459
0.0330236
0.0425862
0.0360475
0.0412114
0.0360277
0.0441656
0.0441391
0.0345023
0.0342079
0.0432401
0.0383854
0.0392393
0.0401346
0.0411507
0.0338856
0.0472295
0.037638
0.0385198
0.0372921
0.0418603
0.0466958
0.0308877
0.0324698
0.0450089
0.0292165
0.0416133
0.0405942
0.0424278
0.0445585
0.0282512
0.0448092
0.0393942
0.0422901
0.0276655
0.0340985
0.0375425
0.0450578
0.0407618
0.0407226
0.0343521
0.0442835
0.0325649
0.0295111
0.0336834
0.0422235
0.0426427
0.0438914
0.0334271
0.0286615
0.0456472
0.0429821
0.0390354
0.0360616
0.0315058
0.0339788
0.0397065
0.0353367
0.0340834
0.0488154
0.0296915
0.0318722
0.0386938
0.0370473
0.0289366
0.0314464
0.035927
0.0384063
0.0416821
0.0386658
0.0444383
0.0427841
0.0332857
0.030662
0.042111
0.0343828
0.0381781
0.0419594
0.0413146
0.0317001
0.0425345
0.0433829
0.033554
0.0345779
0.0304904
0.0452262
0.0419733
0.0386158
0.0388259
0.0280397
0.0307942
0.0433939
0.0446317
0.033543
0.0415909
0.0310583
0.036664
0.0399138
0.0465316
0.0415822
0.0434908
0.0421806
0.0340312
0.0397131
0.0436951
0.0334366
0.0464655
0.0422255
0.0363308
0.0298114
0.0352738
0.0341753
0.0334494
0.0366769
0.0351979
0.0412639
0.034896
0.0302724
0.0432518
0.0391044
0.0329558
0.0360372
0.0381089
0.0399973
0.0295427
0.0434462
0.0307526
0.0368631
0.033818
0.0445527
0.0289746
0.0462246
0.0373465
0.0385067
0.0347019
0.0420902
0.0474972
0.0350348
0.0434363
0.0403127
0.0346129
0.0390028
0.0431578
0.0437922
0.0435223
0.0314722
0.0285068
0.0399537
0.0433713
0.0299547
0.0336582
0.0392775
0.0373017
0.0344569
0.043291
0.0407465
0.0371591
0.041329
0.0456647
0.0403743
0.0329527
0.0430247
0.0400071
0.0304004
0.043033
0.0347724
0.0314762
0.0356062
0.0378351
0.032798
0.0430358
0.0394505
0.0353894
0.0393898
0.0397045
0.0331559
0.036259
0.0429002
0.0342805
0.0325737
0.03744
0.028159
0.0418047
0.0347517
0.0473474
0.0320103
0.0458
0.0398637
0.0425388
0.0301624
0.0386104
0.0351358
0.0463416
0.0448908
0.0349054
0.0294109
0.0417844
0.0324656
0.0339888
0.0452643
0.0361806
0.0397638
0.031102
0.0415163
0.0425602
0.0457203
0.0443637
0.0292517
0.0319775
0.0380518
0.0399518
0.0291012
0.0468283
0.0340992
0.0374885
0.0326216
0.0356083
0.0412342
0.0408288
0.0424774
0.0287523
0.0335575
0.0488908
0.0340657
0.0392863
0.0335867
0.0427598
0.0384526
0.0293065
0.0339548
0.0429791
0.0362966
0.0412312
0.0442646
0.0397765
0.0440208
0.0309237
0.0403392
0.0393202
0.043827
0.0435502
0.033647
0.0346647
0.0382429
0.0338458
0.0355595
0.0404523
0.0324673
0.029447
0.0486524
0.0339679
0.0389012
0.0349083
0.0295496
0.0266418
0.0398027
0.0463651
0.0423653
0.0486359
0.045636
0.0373729
0.0366905
0.0341118
0.0461995
0.0372039
0.0408301
0.0314856
0.0334595
0.0367827
0.041022
0.0386165
0.0417677
0.0434421
0.0325511
0.0392058
0.0386313
0.033827
0.0446362
0.0331701
0.046961
0.0330497
0.044039
0.0337374
0.0436063
0.0477613
0.043762
0.0368285
0.0459198
0.0465967
0.0344365
0.0416681
0.0409604
0.0341409
0.0472322
0.038979
0.0424291
0.0299176
0.040399
0.0313652
0.0435463
0.0305645
0.0333866
0.0345557
0.0405069
0.0427116
0.0401993
0.0291373
0.0436638
0.0293341
0.0435713
0.0427011
0.033595
0.0406764
0.0350843
0.0444985
0.0475809
0.0397357
0.0298976
0.0330376
0.0370136
0.0355435
0.034734
0.0292562
0.0351843
0.0350657
0.0349376
0.0311146
0.0322984
0.0405559
0.0373529
0.0396917
0.0323161
0.0386384
0.029143
0.0422746
0.0416187
0.0343146
0.0459043
0.0411204
0.0329845
0.0396614
0.0379083
0.0420297
0.0321786
0.045602
0.0299607
0.0407332
0.041217
0.0315113
0.0310913
0.0348919
0.0429511
0.0341224
0.038982
0.0419008
0.0393079
0.0440937
0.0431114
0.029365
0.0409305
0.0398308
0.0413372
0.0411318
0.0392839
0.0432591
0.0373117
0.0331409
0.040425
0.0347337
0.0424124
0.0377609
0.0384361
0.036602
0.0348292
0.0397064
0.0318932
0.0442983
0.0324119
0.0373288
0.0441364
0.0470412
0.0274702
0.0409122
0.034812
0.0309893
0.0472948
0.0412714
0.0368099
0.0468026
0.0370514
0.0386438
0.0467952
0.0475982
0.0332031
0.03237
0.0334909
0.0329501
0.0415099
0.0428602
0.0341326
0.0400824
0.0339386
0.0390956
0.0460072
0.0383369
0.0333072
0.0312491
0.036463
0.042213
0.0431277
0.0346281
0.0435663
0.046981
0.0302286
0.0293884
0.0467588
0.0484715
0.039174
0.0425418
0.0425723
0.04589
0.0265137
0.0304346
0.0395346
0.0467538
0.034954
0.0394152
0.041045
0.0355904
0.0425842
0.0388019
0.0392036
0.0393411
0.0478145
0.0405461
0.0449454
0.042131
0.0383519
0.0392455
0.0381881
0.0417618
0.0340172
0.0452644
0.0468271
0.0315802
0.0396287
0.0435187
0.0306302
0.0443267
0.0389398
0.0446455
0.0360834
0.0263774
0.0339142
0.0409027
0.0367525
0.0415912
0.039747
0.0361978
0.0467518
0.0410925
0.0393541
0.0424949
0.042243
0.0384588
0.0334737
0.0424115
0.0407068
0.0365944
0.0445866
0.0443622
0.0312303
0.0424947
0.0370281
0.0394966
0.031939
0.0414039
0.0395933
0.0438734
0.04706
0.0446158
0.0416952
0.0295202
0.0391263
0.0410896
0.0456973
0.0441024
0.0467241
0.0368825
0.0408213
0.0434401
0.0377421
0.0454775
0.0442286
0.0305014
0.0466816
0.0399347
0.0419736
0.0460282
0.0284648
0.0353752
0.0378464
0.034797
0.0487343
0.0441966
0.042622
0.0445863
0.0389889
0.0367376
0.0459525
0.0322624
0.0387563
0.0411223
0.0326433
0.0413587
0.0324452
0.0404488
0.0293914
0.0398127
0.0379928
0.0451579
0.0306229
0.0378615
0.0364251
0.0380179
0.0423727
0.044171
0.0466594
0.0347428
0.0409119
0.0390374
0.0291737
0.0468984
0.0460467
0.0304211
0.032004
0.0396029
0.0290782
0.0273269
0.0332107
0.0319053
0.0431567
0.0458568
0.0379203
0.0286733
0.0414834
0.0427446
0.0444941
0.0456997
0.0355366
0.0342029
0.0401495
0.0420023
0.03971
0.046585
0.036778
0.0268754
0.0362194
0.0368416
0.0296058
0.0304927
0.0421791
0.0341341
0.0476136
0.0431518
0.0410646
0.0440514
0.0429701
0.0294486
0.04611
0.0421679
0.0373225
0.0343724
0.0375426
0.0349012
0.037538
0.0445323
0.0346478
0.0327024
0.0324276
0.0451088
0.0461647
0.0367311
0.0423859
0.0410217
0.0374365
0.0446564
0.0329337
0.0482098
0.038923
0.0476136
0.0371008
0.0434801
0.0382183
0.0405043
0.041209
0.0467515
0.0459162
0.0292894
0.0347028
0.0462416
0.0433018
0.0433024
0.0348841
0.045723
0.0421215
0.0426907
0.0482539
0.0362062
0.0278776
0.0291609
0.0434118
0.0321885
0.0403836
0.0431075
0.0370066
0.0411199
0.0412686
0.0414495
0.0384706
0.0367008
0.0429997
0.0464071
0.0388097
0.038978
0.0422243
0.0331311
0.0431103
0.0447989
0.0408962
0.0358993
0.0314102
0.0378658
0.0431838
0.0448187
0.0333036
0.0434288
0.0281209
0.0428477
0.0313085
0.0439683
0.0318246
0.0359091
0.0449747
0.0374458
0.0441074
0.0344339
0.0400585
0.0392807
0.0427391
0.0284901
0.0332659
0.0384504
0.0456706
0.034758
0.036152
0.0486117
0.041354
0.0383835
0.0322778
0.0478885
0.0325852
0.0456707
0.040268
0.0457092
0.0395834
0.033659
0.0462481
0.047199
0.036711
0.0321452
0.0352292
0.0423398
0.0366329
0.0426049
0.0404676
0.0455486
0.037797
0.0365979
0.0446336
0.0350895
0.0303259
0.0477412
0.0408381
0.0387494
0.040875
0.0456384
0.0421191
0.0324647
0.0404332
0.0339201
0.0436175
0.0412798
0.0357817
0.0418487
0.0271168
0.0361742
0.046174
0.0386254
0.0411884
0.0311758
0.0416509
0.0263333
0.0329199
0.0422245
0.0271951
0.0302487
0.0454835
0.0400545
0.0346508
0.0324707
0.0388401
0.0424476
0.0411454
0.0461417
0.0449038
0.037406
0.0372938
0.036574
0.0449313
0.0410014
0.0366485
0.0376641
0.0332852
0.0429307
0.0343146
0.0407719
0.0450058
0.0266433
0.0434738
0.0373888
0.0414162
0.0441122
0.0418489
0.0276356
0.0380123
0.0398726
0.0411334
0.0364526
0.0425145
0.0406293
0.0389986
0.0400693
0.0485604
0.0393549
0.0379202
0.0459327
0.0400934
0.0337724
0.0329496
0.036024
0.0294771
0.0453686
0.0427538
0.0282328
0.0331805
0.0450648
0.0422698
0.0467253
0.0408402
0.0264987
0.0459319
0.0416049
0.0332469
0.042184
0.0373973
0.0426433
0.0467888
0.0395845
0.0360312
0.0291425
0.0351731
0.0468589
0.0412672
0.0278993
0.0361895
0.0399545
0.0348125
0.0308015
0.0424013
0.0390858
0.0460102
0.0467026
0.0343959
0.0277001
0.0400829
0.0379585
0.030361
0.0409513
0.0419785
0.034187
0.0303773
0.0396947
0.0451148
0.0291771
0.0364262
0.0324178
0.0429026
0.0356589
0.0417335
0.0383946
0.0424479
0.0283078
0.0438592
0.0333259
0.0302519
0.0423104
0.0426821
0.0492197
0.0403891
0.0426066
0.0400387
0.0445329
0.0347354
0.0303694
0.0283895
0.0350396
0.0446536
0.0461101
0.0354549
0.0364976
0.03417
0.0429206
0.0302804
0.034642
0.0380919
0.0441944
0.04535
0.0405519
0.0408754
0.0388696
0.0396361
0.0416793
0.0397617
0.0406326
0.0323243
0.0374438
0.0407071
0.0365405
0.0402385
0.0331947
0.047172
0.0443075
0.0378426
0.0288831
0.043985
0.0333373
0.0399776
0.0442791
0.0422426
0.0436634
0.0433191
0.0442896
0.0381189
0.0439223
0.0406993
0.0315469
0.0453422
0.0444272
0.0354108
0.0400506
0.0328446
0.0307421
0.037929
0.0379576
0.0381776
0.0434719
0.0471999
0.0367918
0.0415325
0.0459797
0.0369598
0.0424885
0.0446945
0.0373451
0.0427463
0.0425444
0.0409651
0.0298611
0.0364486
0.0452525
0.0269747
0.0321601
0.0459284
0.0443956
0.0466042
0.0338767
0.0336439
0.0454452
0.0350264
0.0424227
0.0374853
0.0443014
0.0457364
0.0431021
0.0423145
0.047409
0.0461272
0.0355462
0.0432169
0.041641
0.0309283
0.042329
0.0411298
0.0425771
0.0297455
0.0374566
0.0453339
0.0446489
0.0449476
0.0384008
0.0402909
0.0391412
0.0387714
0.0413705
0.0338432
0.0345128
0.0337119
0.0346865
0.0369633
0.0328868
0.0468082
0.0368248
0.0330638
0.0416768
0.0429847
0.0332786
0.0295849
0.0393902
0.0422151
0.0408426
0.0296782
0.0382801
0.0391324
0.0431747
0.0433832
0.0443682
0.04383
0.0376914
0.0418738
0.0456588
0.0362028
0.0372038
0.0349657
0.0439976
0.0414194
0.0338146
0.037777
0.0451088
0.0286564
0.0401
0.0429501
0.0364336
0.0492208
0.0427089
0.0426331
0.045959
0.0418266
0.0373164
0.0329281
0.0424298
0.0318725
0.0428033
0.0310635
0.0372346
0.0435524
0.0417031
0.0399856
0.0303709
0.0443729
0.04556
0.0359351
0.042892
0.0325167
0.0447987
0.0362009
0.0270012
0.0261589
0.033856
0.0333256
0.0306282
0.0442632
0.045151
0.0412782
0.0459274
0.0416415
0.0404758
0.0444293
0.0427473
0.0424928
0.0331553
0.0439949
0.0446921
0.0337611
0.0479209
0.0327869
0.0470253
0.0370539
0.0326696
0.0445639
0.0395258
0.0393822
0.0275884
0.0341993
0.0435653
0.0454736
0.0335606
0.0321469
0.0376204
0.0366216
0.0413642
0.0415176
0.0338744
0.0402883
0.0334122
0.0355816
0.0444081
0.0413953
0.0332386
0.0392273
0.0396175
0.0427243
0.0435014
0.0438153
0.0294265
0.0358469
0.0464057
0.0380595
0.033881
0.0322087
0.0366726
0.0314824
0.0404306
0.0413607
0.043144
0.0418486
0.0447302
0.0389227
0.0395542
0.0391258
0.0377695
0.0427915
0.0296669
0.0411894
0.0424527
0.0371177
0.0351128
0.0406526
0.0454009
0.0482686
0.0434378
0.0345712
0.0392577
0.0298417
0.0280907
0.036794
0.0294128
0.0447468
0.0380086
0.0363269
0.0391308
0.0432932
0.0357349
0.0379694
0.0370379
0.0273607
0.0475695
0.0304147
0.0462541
0.031722
0.0278037
0.045643
0.0435688
0.0438402
0.0342446
0.0373568
0.0389503
0.0427783
0.0438074
0.0469487
0.0286113
0.0260942
0.0348795
0.0284532
0.046354
0.0321129
0.033074
0.0346973
0.0428333
0.0355963
0.0415348
0.0370483
0.0413261
0.0341248
0.0417016
0.0436285
0.0445821
0.040166
0.0313275
0.0406612
0.0314652
0.0439057
0.0385003
0.0380821
0.0402506
0.0362172
0.0422604
0.0435451
0.0432927
0.0471565
0.0346161
0.0476484
0.0354231
0.0377899
0.0398988
0.0433878
0.0381574
0.0396861
0.0372384
0.0463837
0.035419
0.0473801
0.0451948
0.0441434
0.0432442
0.0316732
0.0311165
0.0409824
0.0448305
0.0444645
0.0424291
0.0390134
0.0418279
0.0419484
0.0448997
0.0339711
0.0398613
0.0397453
0.0358999
0.0376748
0.0445744
0.0413305
0.0359236
0.0455944
0.0285234
0.0407175
0.0428961
0.0412723
0.0403597
0.0394445
0.0383072
0.0389035
0.0406547
0.0418948
0.0435193
0.0384357
0.0423065
0.039141
0.0371257
0.0388172
0.045908
0.0399313
0.0373563
0.0432747
0.0427334
0.0410225
0.0360178
0.0412282
0.0378573
0.0321363
0.0291183
0.0412565
0.0446144
0.0422081
0.0422875
0.0331716
0.04169
0.0471221
0.0423238
0.0405037
0.0437921
0.0293698
0.0310033
0.0396295
0.040237
0.0417222
0.0490662
0.0474504
0.042906
0.0349646
0.032515
0.0448816
0.0438368
0.0390659
0.0421126
0.0328781
0.0428102
0.0448358
0.0459369
0.035197
0.039112
0.0434035
0.0385382
0.0483137
0.0378409
0.0396918
0.0295924
0.0437122
0.0409866
0.0422129
0.0415614
0.0419083
0.0406186
0.0454274
0.0273978
0.0463617
0.035167
0.043575
0.0465133
0.0400226
0.0324693
0.042808
0.0400914
0.0357854
0.0480271
0.0392372
0.0353912
0.0364754
0.0428651
0.0299882
0.035953
0.0424613
0.0377417
0.040553
0.0307052
0.0416571
0.0473601
0.0356093
0.033349
0.0440325
0.0467675
0.0362727
0.0435642
0.0362578
0.0423175
0.0422247
0.0348712
0.0460426
0.0409663
0.0387963
0.0406404
0.0448369
0.0392539
0.040274
0.0428427
0.0406345
0.0323076
0.0383191
0.0409771
0.0310547
0.0352207
0.030068
0.0448039
0.032585
0.0392117
0.0335576
0.0423034
0.0387427
0.0345613
0.0412568
0.0458223
0.0393331
0.0317665
0.0333731
0.0344199
0.036436
0.0350771
0.0353638
0.0449977
0.0295579
0.0434205
0.0433931
0.0381884
0.0433838
0.0369652
0.0419214
0.0275135
0.0378629
0.038004
0.0429342
0.0398537
0.04451
0.0361159
0.033555
0.0389215
0.0422546
0.0465914
0.0449206
0.038099
0.0455623
0.033485
0.0405331
0.0437049
0.0402342
0.03978
0.0440793
0.0342567
0.0410474
0.0387138
0.0372382
0.041628
0.0404877
0.0354917
0.0427823
0.0482908
0.0413407
0.0357826
0.0346603
0.0427936
0.0460095
0.038133
0.0457246
0.0440549
0.0423937
0.0309294
0.0346098
0.0367996
0.0440998
0.028321
0.0447725
0.0322332
0.0380979
0.0382139
0.0332923
0.0353809
0.0375065
0.0309002
0.0325602
0.0411642
0.036231
0.0379933
0.0370119
0.0329425
0.0321088
0.0311811
0.0442381
0.0419735
0.0451062
0.0374009
0.0352392
0.0350941
0.0373825
0.0424536
0.0438343
0.047454
0.0325171
0.0384159
0.0432561
0.0395237
0.0370174
0.0358117
0.0459032
0.0458458
0.040392
0.0398251
0.0459856
0.0375789
0.0442843
0.0473332
0.0436408
0.0362924
0.0376518
0.0397072
0.0439101
0.0315151
0.044988
0.035955
0.0389203
0.0360669
0.0424439
0.0416736
0.0442993
0.0408156
0.0415012
0.0341683
0.0421633
0.0452129
0.0410435
0.0421508
0.0372357
0.033677
0.0415667
0.0413505
0.0457226
0.0405488
0.0371965
0.0451847
0.0288964
0.0309546
0.037929
0.0319075
0.0370056
0.0432066
0.0403667
0.043631
0.041203
0.0414261
0.0368962
0.0471361
0.0380793
0.0417282
0.0399125
0.0447477
0.0422868
0.045317
0.0331503
0.0416196
0.0433588
0.0342889
0.0406545
0.0436744
0.0413081
0.0470119
0.039581
0.0414365
0.0442654
0.0475283
0.0454213
0.0407045
0.0443848
0.0406154
0.0351512
0.041271
0.0455567
0.0401192
0.0408519
0.0422273
0.0439103
0.0297006
0.0265538
0.0454619
0.0462191
0.0400628
0.0440933
0.0325892
0.0475862
0.0355209
0.0271784
0.0368071
0.039471
0.0442106
0.0351132
0.0328339
0.0387571
0.0318298
0.0362666
0.0450828
0.0427449
0.0369273
0.033636
0.0387932
0.0335423
0.0332134
0.0442977
0.038167
0.0359088
0.031822
0.0437412
0.0360341
0.038984
0.0401702
0.0453725
0.0481268
0.045254
0.0414554
0.0420898
0.0370558
0.034835
0.0316706
0.0419018
0.0317145
0.0449057
0.0382281
0.0392745
0.0386379
0.0373063
0.0359131
0.0381083
0.032663
0.030972
0.0420318
0.035855
0.0420064
0.0407403
0.0377267
0.0321015
0.037339
0.0388559
0.0394914
0.0404851
0.0398913
0.0411678
0.0353885
0.0415633
0.0422556
0.0385637
0.0338203
0.0401285
0.0320386
0.0351478
0.0452256
0.0297622
0.0399476
0.0336013
0.033169
0.0416675
0.0366569
0.0328365
0.038237
0.0401528
0.036699
0.0425696
0.0426507
0.0421718
0.0426976
0.0455042
0.0442367
0.0415285
0.0411663
0.0419569
0.0410919
0.0292432
0.0405212
0.0379684
0.0272017
0.0379368
0.043375
0.0436552
0.0492066
0.0351772
0.048127
0.0428239
0.0418872
0.0431708
0.0363689
0.0357615
0.0292049
0.0389133
0.0411817
0.0355039
0.0346696
0.0399836
0.0424516
0.0322109
0.0424547
0.0455839
0.0333947
0.0450625
0.0428112
0.03978
0.0342139
0.0459083
0.0380868
0.0389699
0.0364421
0.0458704
0.0381736
0.0443822
0.047857
0.0301522
0.0459302
0.0459222
0.0369036
0.0444359
0.0434327
0.0397904
0.0425762
0.0367949
0.0435526
0.0431567
0.042135
0.0367587
0.0368751
0.038069
0.0399161
0.0424482
0.045917
0.0402409
0.0397096
0.0357626
0.0380325
0.0328004
0.0445776
0.0358668
0.0379355
0.042286
0.0394663
0.0312705
0.0330222
0.0365365
0.0372074
0.0406126
0.0447142
0.0425449
0.0374841
0.0298884
0.0440268
0.0390038
0.0304872
0.0382762
0.0279264
0.0312877
0.0353977
0.0359893
0.0410936
0.0487172
0.0371081
0.041278
0.0388071
0.0420354
0.0408008
0.0450471
0.0407022
0.0380238
0.0421731
0.0350725
0.0380412
0.0402281
0.0410063
0.0432721
0.0303175
0.043737
0.0422993
0.0333339
0.0319904
0.0347786
0.0317306
0.0413597
0.0401646
0.0343883
0.0345734
0.044036
0.0363666
0.0360919
0.0388529
0.036011
0.0417387
0.0448051
0.0397031
0.042827
0.0363757
0.0390047
0.0418486
0.0473399
0.0356918
0.0340301
0.042137
0.0334615
0.0321405
0.0406614
0.0438099
0.0401403
0.0330558
0.0444964
0.0443463
0.041309
0.0351518
0.033303
0.0387205
0.0363523
0.0349938
0.0414512
0.0322596
0.0314696
0.0434058
0.0459731
0.0314383
0.0318844
0.0314703
0.0422237
0.0327669
0.0397699
0.045046
0.0437383
0.0405154
0.0421869
0.0351847
0.0389426
0.0364064
0.0449423
0.034919
0.0366863
0.0416373
0.0465622
0.0363458
0.0384144
0.0419002
0.031907
0.0349335
0.0380312
0.039701
0.0436639
0.0468732
0.040026
0.042619
0.0379865
0.0410839
0.0387098
0.0437163
0.0458198
0.046752
0.0374795
0.0392954
0.0395951
0.041315
0.0385464
0.0271109
0.0277457
0.0403438
0.0407602
0.0407576
0.0266823
0.0323743
0.0423611
0.0445584
0.0399162
0.0343803
0.036407
0.0339667
0.048032
0.0397313
0.0443998
0.0434293
0.0441975
0.0298591
0.0436322
0.0388356
0.0427238
0.0348516
0.0440168
0.0383966
0.0437185
0.0349815
0.0438488
0.0368541
0.0455019
0.038615
0.0393477
0.0423409
0.0365798
0.0433913
0.0294753
0.0410584
0.042197
0.0387079
0.0430223
0.0310713
0.0350991
0.0359031
0.0331505
0.0437358
0.0439506
0.0491324
0.0403541
0.0342563
0.0386594
0.044282
0.0459771
0.0357149
0.0422508
0.0368399
0.0403633
0.0362223
0.0475769
0.0453973
0.0372273
0.039562
0.0323302
0.0415799
0.0380187
0.0430852
0.0481104
0.0468986
0.0374837
0.0433588
0.042586
0.0350601
0.04688
0.0442325
0.0343885
0.0390938
0.0369478
0.0348323
0.0366728
0.0404479
0.046573
0.0303519
0.0417303
0.0406382
0.0437071
0.0414904
0.0424122
0.0470314
0.0445553
0.0340783
0.0489257
0.0411673
0.0405993
0.0355818
0.044403
0.0311943
0.0433284
0.042923
0.0399503
0.0293271
0.0381055
0.042482
0.0424776
0.0371734
0.0365719
0.0386241
0.0467704
0.0312993
0.0344344
0.0379897
0.0389496
0.0314856
0.0294282
0.0464386
0.0356683
0.0377812
0.0418738
0.0400669
0.042082
0.0369616
0.0366317
0.0461633
0.0305453
0.0386539
0.0376528
0.0367673
0.0376833
0.0418567
0.0354153
0.0347957
0.0279177
0.0418151
0.0338397
0.0417876
0.0407126
0.0359879
0.0358353
0.0333164
0.0352812
0.0416824
0.0378876
0.0458441
0.0444122
0.0346102
0.0379979
0.0404065
0.0433664
0.0362076
0.04125
0.0390601
0.0390329
0.0477526
0.0458768
0.0279887
0.0315097
0.041262
0.0323342
0.0329537
0.0435245
0.0314062
0.0421486
0.0319001
0.0431733
0.0345089
0.0295256
0.0451806
0.0438745
0.0475911
0.0366814
0.0313055
0.0429084
0.0450746
0.0434096
0.0372984
0.0338143
0.0340652
0.0389427
0.0318061
0.0397941
0.0338118
0.034367
0.03834
0.0377322
0.0340173
0.0312125
0.0437361
0.0389016
0.0389234
0.0355184
0.0376649
0.0427876
0.0448071
0.0439635
0.0299931
0.040368
0.0334332
0.034484
0.0356284
0.0380394
0.0398612
0.0378378
0.0301577
0.0414318
0.0425953
0.0331794
0.0448857
0.0314299
0.0278932
0.0341213
0.0346804
0.0355152
0.0325048
0.0411141
0.0327804
0.0427784
0.0352392
0.0316385
0.0403818
0.0275035
0.0410343
0.0378246
0.0307595
0.0443367
0.0357632
0.0416875
0.0339311
0.026583
0.0401093
0.0307126
0.0305938
0.0381263
0.0377879
0.0382529
0.0473313
0.032864
0.0281056
0.0397686
0.0381542
0.0460029
0.0419342
0.037405
0.0329922
0.0350707
0.0417097
0.0404427
0.0440445
0.0354154
0.0367262
0.0397251
0.0409372
0.0319901
0.0335339
0.0336128
0.0299886
0.0336234
0.0334884
0.0426928
0.0439449
0.0325227
0.0438562
0.0318527
0.0371516
0.0382582
0.0367611
0.0390516
0.0333
0.0419429
0.049751
0.036554
0.0351074
0.045515
0.0428517
0.0345135
0.028504
0.0330051
0.040789
0.0436055
0.0357401
0.0467066
0.0455873
0.0396683
0.043378
0.0320618
0.0448692
0.0336977
0.0394013
0.0307118
0.0347432
0.0460375
0.037401
0.0406914
0.0369946
0.038135
0.0427785
0.0390293
0.0379027
0.0286406
0.0387033
0.0302388
0.0436873
0.0384002
0.0275387
0.0405952
0.0369104
0.0421896
0.0416422
0.034821
0.0386325
0.0278175
0.0314259
0.0371113
0.0445781
0.0363042
0.0330355
0.0364248
0.0363015
0.0440049
0.0390751
0.0377323
0.0364406
0.0334298
0.0294516
0.0425299
0.0381926
0.0326006
0.0386598
0.0373762
0.0382875
0.0422376
0.0296274
0.0439731
0.0353855
0.0357124
0.0328069
0.0316248
0.0370559
0.0311931
0.0347611
0.0314215
0.0320808
0.0402799
0.0326619
0.0412819
0.028865
0.0330868
0.0442386
0.0400022
0.0400103
0.0436439
0.0388572
0.04353
0.0443366
0.0382555
0.0309837
0.0443757
0.0393532
0.0387919
0.0368352
0.0409161
0.0364376
0.0365345
0.0343332
0.037717
0.0437388
0.044934
0.0383457
0.0451759
0.0266359
0.0323612
0.0411477
0.0464656
0.0352347
0.0397719
0.0431429
0.031923
0.0421888
0.0383152
0.0470123
0.0428469
0.0422435
0.0368999
0.035218
0.0304698
0.0391208
0.0340165
0.034075
0.0324488
0.0364515
0.0286055
0.0437169
0.040974
0.0348358
0.0393444
0.0418571
0.0388224
0.0285347
0.0444223
0.0431693
0.0436236
0.0448748
0.0416238
0.0423132
0.0372293
0.044137
0.0443662
0.0392356
0.0403153
0.0342253
0.0312559
0.0322898
0.0305887
0.0343559
0.0412463
0.0439635
0.034723
0.0380846
0.0356276
0.0301332
0.0416273
0.0404679
0.0446706
0.0346654
0.0289818
0.0435424
0.0375201
0.0412
0.0445414
0.0419037
0.0436596
0.0409524
0.0413761
0.0445219
0.0396456
0.0471617
0.0297573
0.0287916
0.0434996
0.0389472
0.0323043
0.0376666
0.0389684
0.0399012
0.0476187
0.0324006
0.0399533
0.0430008
0.0363044
0.0321416
0.040703
0.0417025
0.030052
0.0478715
0.0325075
0.0387187
0.0379715
0.0375304
0.0390192
0.0404702
0.0458819
0.0420971
0.0411246
0.0363237
0.0401049
0.035714
0.0288392
0.0390894
0.0432215
0.0362412
0.0319611
0.0286353
0.0445928
0.0393963
0.0353478
0.0436949
0.0327277
0.0303486
0.0408667
0.0355289
0.038666
0.0462031
0.0431391
0.0429075
0.0425259
0.0351288
0.0437188
0.030016
0.0411883
0.0405342
0.0441798
0.0411636
0.0407382
0.0389329
0.0407343
0.0396711
0.0356269
0.0422422
0.034006
0.0427011
0.0401137
0.0398864
0.0400634
0.0381295
0.0339598
0.037103
0.0429778
0.0395422
0.0352492
0.0421705
0.0408754
0.0407902
0.0331668
0.0425612
0.0376675
0.036779
0.0412339
0.0382946
0.0359266
0.034473
0.0418932
0.0439669
0.0355481
0.0381912
0.0429232
0.0441191
0.0408222
0.0316022
0.0399019
0.0352553
0.0441413
0.0324787
0.0359947
0.0369437
0.0422652
0.0359171
0.0371943
0.0452092
0.0468073
0.0456999
0.0465359
0.0418478
0.0270581
0.0409697
0.043237
0.0436054
0.0423568
0.0407057
0.0445753
0.0409544
0.0330459
0.0401181
0.0456621
0.0333233
0.0395693
0.0426052
0.0359564
0.0404573
0.0322321
0.0410067
0.0423074
0.0401918
0.0364708
0.0362748
0.0404041
0.0371209
0.0391695
0.0410787
0.0311489
0.0331464
0.0457824
0.0376351
0.0303566
0.0369667
0.0428201
0.0394374
0.0414366
0.0384085
0.0464425
0.0426912
0.0351113
0.0419018
0.0326103
0.0454215
0.0336808
0.0451146
0.0441638
0.0406071
0.0351464
0.0426269
0.0364641
0.0400844
0.0290695
0.0363251
0.0403622
0.0416779
0.0373879
0.0349899
0.0474107
0.0406761
0.0328622
0.0396045
0.0396456
0.0351476
0.0398477
0.0418757
0.0363633
0.0314512
0.0380754
0.0362644
0.0401424
0.0377446
0.0469977
0.0386515
0.0398088
0.0453528
0.0400529
0.0401954
0.0444759
0.0427714
0.0430507
0.0452937
0.0340552
0.0470539
0.0341691
0.0461379
0.0435599
0.038557
0.0413037
0.0367469
0.0411619
0.0414002
0.04647
0.0358144
0.0316312
0.0346295
0.0422958
0.0430474
0.0342776
0.0305623
0.0401309
0.0350244
0.0366625
0.0272399
0.0402074
0.0393418
0.0323445
0.0328606
0.0345347
0.0359183
0.0297074
0.0441699
0.0423087
0.033628
0.0354858
0.0395341
0.0386627
0.0425508
0.0431558
0.0410361
0.0424225
0.0385156
0.0427449
0.0368873
0.041165
0.0388731
0.042136
0.0355529
0.0425024
0.0428485
0.036549
0.036928
0.0354049
0.0398275
0.036348
0.0393536
0.0413043
0.0384408
0.0432263
0.0263912
0.0430498
0.0334259
0.0344714
0.0411345
0.0350332
0.0407211
0.0300082
0.0340618
0.0405399
0.0304786
0.0449451
0.0374925
0.0317844
0.0368897
0.0383502
0.0392112
0.035763
0.0346147
0.0394502
0.0398348
0.0403887
0.0430933
0.0424033
0.0338561
0.0353207
0.0324827
0.0331812
0.0327198
0.0374431
0.0392357
0.0311511
0.0406222
0.0417226
0.0460423
0.0453328
0.0435981
0.0420858
0.0301963
0.0307385
0.0325714
0.0438355
0.0361131
0.0269715
0.0419638
0.0346016
0.0338632
0.0398615
0.0449238
0.0420994
0.0370137
0.0438499
0.0407909
0.0383357
0.0470438
0.0365442
0.0329326
0.0324421
0.0350273
0.0397787
0.0302755
0.0380801
0.0419401
0.0398918
0.0409634
0.0304289
0.0372162
0.0437783
0.0423018
0.0397035
0.0453577
0.0419015
0.0439612
0.0336693
0.0304681
0.0406343
0.0357562
0.042997
0.0446348
0.0404672
0.0377473
0.0333534
0.0382859
0.0363077
0.0412906
0.0482645
0.046631
0.0360171
0.0364246
0.0429
0.0335558
0.0332775
0.040764
0.0370388
0.0399205
0.0443175
0.0344004
0.0416753
0.0325234
0.0469451
0.0399457
0.0400722
0.0449595
0.0312008
0.0311055
0.0440222
0.0288777
0.0440444
0.0430295
0.0415607
0.0397797
0.038919
0.0347342
0.0356453
0.0445961
0.0299818
0.0350152
0.0355203
0.0353639
0.0306795
0.0434993
0.0352841
0.0366055
0.0438224
0.0398087
0.0374157
0.0434673
0.0340215
0.0431459
0.0415374
0.0342253
0.0418646
0.0408486
0.0378722
0.0438716
0.0418729
0.0372157
0.0443864
0.0459301
0.0392079
0.0440434
0.0336153
0.0328741
0.0320038
0.0445003
0.0432022
0.0459871
0.0328378
0.0411794
0.0318787
0.0372215
0.0455138
0.0429358
0.0287243
0.0448345
0.0457835
0.0442317
0.0338883
0.0439469
0.0436086
0.0314174
0.0338245
0.0404085
0.0350666
0.0320789
0.0317795
0.0388247
0.0387711
0.0449923
0.0477065
0.0383404
0.0375771
0.0318168
0.0277273
0.0397352
0.045232
0.0460636
0.0335146
0.0418776
0.0275712
0.0371506
0.0309329
0.0428141
0.0341989
0.0295086
0.036271
0.0365353
0.0315019
0.0409416
0.0419268
0.0323538
0.0440459
0.0362413
0.0361282
0.038594
0.0418154
0.0380886
0.0411435
0.0378651
0.0454895
0.0444906
0.0406678
0.0309419
0.0372095
0.043632
0.0364644
0.0348231
0.0292865
0.0386205
0.0400742
0.0432204
0.0433444
0.0450427
0.0436354
0.0320664
0.0335503
0.0450543
0.0406698
0.0439805
0.0425112
0.0427566
0.0374155
0.0353842
0.028266
0.0361007
0.0314607
0.0413546
0.0342301
0.0386158
0.0334482
0.0432272
0.0336145
0.0401328
0.0432143
0.0320445
0.0329034
0.0406973
0.0452389
0.0361186
0.044263
0.0428475
0.0272665
0.0416285
0.0399033
0.0411878
0.0352302
0.0325845
0.0434738
0.0451701
0.0419818
0.0314022
0.0393371
0.041078
0.036153
0.0328456
0.0268816
0.0302713
0.0262522
0.0328616
0.0391519
0.0454984
0.0459818
0.0291376
0.0443071
0.0391028
0.0387744
0.0429777
0.041018
0.0428853
0.0374634
0.0301222
0.0359453
0.0427021
0.0399837
0.0382539
0.0367701
0.0467114
0.031986
0.0445148
0.0429066
0.0328135
0.0364156
0.0442664
0.0420448
0.0306643
0.0361078
0.0321679
0.0382062
0.0313983
0.0404862
0.0410581
0.0446223
0.0410559
0.0450333
0.0351191
0.0438422
0.0386279
0.0372431
0.0431899
0.0371222
0.0460396
0.0459007
0.0406172
0.0475966
0.0442684
0.0310984
0.041999
0.03411
0.0474359
0.0370805
0.047205
0.0419013
0.0451638
0.0340151
0.0301375
0.0397941
0.026045
0.032787
0.0473926
0.0351512
0.0326895
0.0407555
0.0420551
0.0329508
0.0419612
0.0330681
0.0399588
0.0274331
0.0337243
0.0409863
0.0399961
0.0303977
0.0406746
0.0467065
0.0339163
0.0404771
0.0396171
0.0347535
0.0443738
0.036775
0.0282863
0.0353153
0.0380741
0.04389
0.0436341
0.0438844
0.0359973
0.045119
0.0298717
0.0290121
0.0408615
0.0436484
0.0447533
0.0377107
0.03771
0.0438678
0.034132
0.0458985
0.0349931
0.0357073
0.0385683
0.0448005
0.0457158
0.0410751
0.0328735
0.0378265
0.0431794
0.043464
0.0396779
0.0360121
0.0341808
0.0436067
0.0279775
0.0373573
0.045953
0.0411634
0.0351728
0.039913
0.0282509
0.0356668
0.0337876
0.0389533
0.0417748
0.0402646
0.0421719
0.0329668
0.0482115
0.0400014
0.0440004
0.0453898
0.0451011
0.0359181
0.0452043
0.0401185
0.0327105
0.0460688
0.0342267
0.0468541
0.0368223
0.0398288
0.031015
0.0331345
0.0320653
0.0268982
0.030654
0.0335202
0.0344063
0.0357791
0.0363542
0.0415675
0.0451299
0.0417563
0.0413547
0.0361349
0.0470107
0.0370134
0.0407137
0.0405991
0.040535
0.0361356
0.0356474
0.0370405
0.0397182
0.0347928
0.0398628
0.031632
0.0368387
0.0433605
0.0439661
0.0386245
0.0338463
0.0408119
0.0282347
0.0284844
0.0407863
0.0360007
0.0393034
0.0328538
0.0365524
0.0310705
0.0446777
0.0396792
0.042463
0.0413481
0.0313378
0.04211
0.0328422
0.0435799
0.0284541
0.0367786
0.0345703
0.0433977
0.0417731
0.0477429
0.0371235
0.0396099
0.0395038
0.0387207
0.0391096
0.041878
0.039516
0.0383352
0.0384872
0.0398001
0.031917
0.0421357
0.0332733
0.0336576
0.0365715
0.0426797
0.0350477
0.0333572
0.0378818
0.0419596
0.0378694
0.039071
0.0309243
0.0300769
0.0429962
0.0379537
0.0266029
0.0356933
0.0277266
0.0349914
0.0437194
0.0443968
0.0391975
0.04036
0.033525
0.0327415
0.042551
0.0398511
0.0450042
0.0319695
0.0360358
0.0362971
0.0431486
0.034869
0.033819
0.0318244
0.0414432
0.0344783
0.0303401
0.0400161
0.0462837
0.0387695
0.045347
0.0448013
0.037459
0.0346569
0.037923
0.0449328
0.0405462
0.0411968
0.0395648
0.0324029
0.043162
0.0460194
0.0401011
0.0323665
0.035045
0.0307932
0.0420522
0.0360538
0.0405136
0.0473752
0.0322584
0.0367162
0.0429112
0.0313332
0.0388833
0.0466162
0.0369095
0.0394319
0.0314599
0.0265536
0.031546
0.0446034
0.0340114
0.0347018
0.0428412
0.0270885
0.0399947
0.0459639
0.0304143
0.0436383
0.0413567
0.0487003
0.0446187
0.0320207
0.0391389
0.031617
0.0415404
0.0364523
0.0325797
0.0339147
0.0353926
0.0423888
0.0419657
0.0386356
0.0481714
0.0337904
0.0426037
0.0379298
0.0363418
0.0312087
0.0451692
0.0364394
0.038125
0.0319204
0.0453436
0.0285275
0.0384438
0.0423882
0.0445224
0.0306643
0.0449185
0.0315412
0.0382301
0.0410055
0.0366004
0.0349041
0.0398801
0.0416454
0.0371031
0.0320798
0.0332738
0.0379813
0.0359671
0.0375898
0.0400111
0.0429036
0.0402013
0.0472346
0.0400004
0.0438982
0.0397038
0.0429421
0.042558
0.0437489
0.031316
0.0311865
0.044589
0.0435687
0.0341253
0.0368181
0.0368176
0.0348802
0.0396469
0.040345
0.0460088
0.0362839
0.0377026
0.0333703
0.0407648
0.0380372
0.0315196
0.0364134
0.041917
0.0434707
0.0473447
0.042249
0.0405343
0.0344739
0.0310824
0.0471628
0.0433575
0.0430348
0.034627
0.0303815
0.0359228
0.0276829
0.0337517
0.0420564
0.0398114
0.0423148
0.0342273
0.0455522
0.0342945
0.0378172
0.0347673
0.0385339
0.0380541
0.0320007
0.0445626
0.0273639
0.0433004
0.0300147
0.0421597
0.0300627
0.0413753
0.033618
0.041427
0.0431438
0.0454025
0.0481816
0.0463221
0.0352926
0.044468
0.0407125
0.0369739
0.0441882
0.0399183
0.0300991
0.0440575
0.0327095
0.0373397
0.0414945
0.0440121
0.0414927
0.0415829
0.0420414
0.0363865
0.0427387
0.0391387
0.0481694
0.0470796
0.0406563
0.0389578
0.0371155
0.0427687
0.0444929
0.0448764
0.043298
0.0342016
0.0344966
0.0398165
0.0366808
0.0430209
0.0438637
0.0327987
0.0396303
0.0365763
0.0388047
0.0486907
0.0427232
0.0433347
0.0407866
0.0425758
0.0371973
0.0463673
0.0352565
0.0371831
0.040417
0.0349068
0.0342231
0.0421435
0.0477973
0.0347843
0.0340198
0.0340105
0.0459579
0.0314072
0.0398046
0.0303467
0.0446972
0.0435938
0.0336058
0.0407254
0.0338034
0.0375531
0.0472589
0.0465428
0.0426323
0.0358157
0.0438967
0.043014
0.0439685
0.0335372
0.0384962
0.03666
0.0334064
0.0366106
0.0375089
0.0381832
0.0414624
0.0357635
0.0359707
0.0342581
0.0348855
0.0270017
0.0369224
0.0417932
0.0431886
0.0385633
0.041316
0.0393505
0.0332682
0.045607
0.0405891
0.0322661
0.0384057
0.0378462
0.0373915
0.0407411
0.0390987
0.0289789
0.0425435
0.0424951
0.0339092
0.0405215
0.0331676
0.0371987
0.0453406
0.0351615
0.0433679
0.0349457
0.0356926
0.0427881
0.0275623
0.0331648
0.0412351
0.0380554
0.0364178
0.0354746
0.0462496
0.0356414
0.039905
0.0365519
0.0314759
0.0341951
0.0384942
0.0376473
0.0414707
0.0315404
0.0422717
0.0319401
0.0475726
0.0430676
0.0485494
0.0352427
0.0429092
0.0318536
0.0400044
0.0422641
0.0424033
0.0336139
0.0312095
0.031243
0.0331298
0.0377438
0.0386079
0.036509
0.0337835
0.0366892
0.0352434
0.0436774
0.0434049
0.0409382
0.0420208
0.0378744
0.0388626
0.0413246
0.0355602
0.0452669
0.0414481
0.0309628
0.0409445
0.0366182
0.0406408
0.0393961
0.0377786
0.0426052
0.0414719
0.03894
0.0407453
0.0398926
0.0406892
0.0328392
0.0378938
0.043134
0.0417182
0.0440046
0.0325799
0.0293286
0.0349979
0.0380963
